8.977533312132086607e-01 0.000000000000000000e+00 8.333786703737102730e-01 0.000000000000000000e+00 9.824647757337107157e-01 0.000000000000000000e+00 0.000000000000000000e+00 0.000000000000000000e+00
8.977533312132086607e-01 0.000000000000000000e+00 8.333786703737102730e-01 0.000000000000000000e+00 9.824647757337107157e-01 0.000000000000000000e+00 0.000000000000000000e+00 0.000000000000000000e+00
8.977533312132086607e-01 0.000000000000000000e+00 8.333786703737102730e-01 0.000000000000000000e+00 9.824647757337107157e-01 0.000000000000000000e+00 0.000000000000000000e+00 0.000000000000000000e+00
8.977533312132086607e-01 0.000000000000000000e+00 8.333786703737102730e-01 0.000000000000000000e+00 9.824647757337107157e-01 0.000000000000000000e+00 0.000000000000000000e+00 0.000000000000000000e+00
8.977533312132086607e-01 0.000000000000000000e+00 8.333786703737102730e-01 0.000000000000000000e+00 9.824647757337107157e-01 0.000000000000000000e+00 0.000000000000000000e+00 0.000000000000000000e+00
8.977533312132086607e-01 0.000000000000000000e+00 8.333786703737102730e-01 0.000000000000000000e+00 9.824647757337107157e-01 0.000000000000000000e+00 0.000000000000000000e+00 0.000000000000000000e+00
8.977533312132086607e-01 0.000000000000000000e+00 8.333786703737102730e-01 0.000000000000000000e+00 9.824647757337107157e-01 0.000000000000000000e+00 0.000000000000000000e+00 0.000000000000000000e+00
8.977533312132086607e-01 0.000000000000000000e+00 8.333786703737102730e-01 0.000000000000000000e+00 9.824647757337107157e-01 0.000000000000000000e+00 0.000000000000000000e+00 0.000000000000000000e+00
8.977533312132086607e-01 0.000000000000000000e+00 8.333786703737102730e-01 0.000000000000000000e+00 9.824647757337107157e-01 0.000000000000000000e+00 0.000000000000000000e+00 0.000000000000000000e+00
8.977533312132086607e-01 0.000000000000000000e+00 8.333786703737102730e-01 0.000000000000000000e+00 9.824647757337107157e-01 0.000000000000000000e+00 0.000000000000000000e+00 0.000000000000000000e+00
8.977533312132086607e-01 0.000000000000000000e+00 8.333786703737102730e-01 0.000000000000000000e+00 9.824647757337107157e-01 0.000000000000000000e+00 0.000000000000000000e+00 0.000000000000000000e+00
8.977533312132086607e-01 0.000000000000000000e+00 8.333786703737102730e-01 0.000000000000000000e+00 9.824647757337107157e-01 0.000000000000000000e+00 0.000000000000000000e+00 0.000000000000000000e+00
8.977449094126797036e-01 6.088280060882800054e-04 8.334012427525666622e-01 5.000000000000000000e-01 9.824032486310220191e-01 3.045994517209869119e-04 1.029760065904644189e-04 3.045994517209869119e-04
8.977449094126797036e-01 6.088280060882800054e-04 8.334012427525666622e-01 5.000000000000000000e-01 9.824032486310220191e-01 3.045994517209869119e-04 1.029760065904644189e-04 3.045994517209869119e-04
8.977449094126797036e-01 6.088280060882800054e-04 8.334012427525666622e-01 5.000000000000000000e-01 9.824032486310220191e-01 3.045994517209869119e-04 1.029760065904644189e-04 3.045994517209869119e-04
8.977449094126797036e-01 6.088280060882800054e-04 8.334012427525666622e-01 5.000000000000000000e-01 9.824032486310220191e-01 3.045994517209869119e-04 1.029760065904644189e-04 3.045994517209869119e-04
8.977449094126797036e-01 6.088280060882800054e-04 8.334012427525666622e-01 5.000000000000000000e-01 9.824032486310220191e-01 3.045994517209869119e-04 1.029760065904644189e-04 3.045994517209869119e-04
8.977449094126797036e-01 6.088280060882800054e-04 8.334012427525666622e-01 5.000000000000000000e-01 9.824032486310220191e-01 3.045994517209869119e-04 1.029760065904644189e-04 3.045994517209869119e-04
8.977449094126797036e-01 6.088280060882800054e-04 8.334012427525666622e-01 5.000000000000000000e-01 9.824032486310220191e-01 3.045994517209869119e-04 1.029760065904644189e-04 3.045994517209869119e-04
8.977449094126797036e-01 6.088280060882800054e-04 8.334012427525666622e-01 5.000000000000000000e-01 9.824032486310220191e-01 3.045994517209869119e-04 1.029760065904644189e-04 3.045994517209869119e-04
8.977449094126797036e-01 6.088280060882800054e-04 8.334012427525666622e-01 5.000000000000000000e-01 9.824032486310220191e-01 3.045994517209869119e-04 1.029760065904644189e-04 3.045994517209869119e-04
8.977449094126797036e-01 6.088280060882800054e-04 8.334012427525666622e-01 5.000000000000000000e-01 9.824032486310220191e-01 3.045994517209869119e-04 1.029760065904644189e-04 3.045994517209869119e-04
8.977449094126797036e-01 6.088280060882800054e-04 8.334012427525666622e-01 5.000000000000000000e-01 9.824032486310220191e-01 3.045994517209869119e-04 1.029760065904644189e-04 3.045994517209869119e-04
8.977449094126797036e-01 6.088280060882800054e-04 8.334012427525666622e-01 5.000000000000000000e-01 9.824032486310220191e-01 3.045994517209869119e-04 1.029760065904644189e-04 3.045994517209869119e-04
8.969102623695452969e-01 6.038647342995168794e-04 8.334012427525666622e-01 3.448275862068965469e-02 9.807420168584261022e-01 3.045994517209869119e-04 1.029760065904644189e-04 3.045994517209869119e-04
8.967775435786730087e-01 1.205545509342977658e-03 8.334359460362555927e-01 5.714285714285714107e-02 9.804343813449823974e-01 6.091989034419738238e-04 1.029760065904644189e-04 6.091989034419738238e-04
8.967067855875446858e-01 1.806140878988561323e-03 8.334706547601834492e-01 7.692307692307692735e-02 9.802498000369163078e-01 9.137983551629607357e-04 1.029760065904644189e-04 9.137983551629607357e-04
8.965116094419828263e-01 2.402402402402402729e-03 8.335053689256294307e-01 8.510638297872340219e-02 9.798191103180952100e-01 1.218397806883947648e-03 1.029760065904644189e-04 1.218397806883947648e-03
8.962379805512267206e-01 4.186602870813397291e-03 8.335489502348324420e-01 1.147540983606557402e-01 9.791423121885191039e-01 2.132196162046908275e-03 6.178560395427865407e-04 2.132196162046908275e-03
8.960484519357908573e-01 6.553470360440869467e-03 8.336394813121196234e-01 1.486486486486486569e-01 9.785885682643203909e-01 3.350593968930855922e-03 1.029760065904644162e-03 3.350593968930855922e-03
8.897690341910967637e-01 2.451648052301824698e-02 8.331932001616336736e-01 1.159793814432989734e-01 9.635759552082692192e-01 1.370697532744440984e-02 1.915353722582638363e-02 1.370697532744440984e-02
7.646137535725539003e-01 2.564914502849904854e-02 7.275377501157680449e-01 2.670623145400593396e-02 8.171414508090812934e-01 2.467255558939993737e-02 6.394810009267840045e-02 2.467255558939993737e-02
6.721529818126579237e-01 3.135313531353134398e-02 7.290135400053264769e-01 2.557200538358007924e-02 6.870731557250968624e-01 4.051172707889125896e-02 6.775821233652558340e-02 4.051172707889125896e-02
5.375225186979156744e-01 4.392640400732106265e-02 7.314997902540865127e-01 3.212172442941673561e-02 5.762628437826862182e-01 6.944867499238500941e-02 7.609926887035320386e-02 6.944867499238500941e-02
5.032163625093358794e-01 7.055606198723791966e-02 7.358851350786752565e-01 5.034473786912969928e-02 5.498061896265304949e-01 1.178799878160219361e-01 8.907424570075173076e-02 1.178799878160219361e-01
4.853816381243499234e-01 1.365210222588623123e-01 7.451783502364446310e-01 9.359104781281790686e-02 5.056297298960192865e-01 2.522083460249771591e-01 1.584800741427247472e-01 2.522083460249771591e-01
4.286747887629361875e-01 1.684567552289429060e-01 7.384490552920217610e-01 1.096697028245468830e-01 4.038023749461637779e-01 3.630825464514164103e-01 3.266398929049531552e-01 3.630825464514164103e-01
2.602064842623611485e-01 1.643049932523616419e-01 6.669208833002564507e-01 1.007516722984621721e-01 1.973789454254598896e-01 4.450197989643618901e-01 6.700648748841520064e-01 4.450197989643618901e-01
1.328522554566884117e-01 2.191646672868824419e-01 3.356515560964370426e-01 1.305717619603267154e-01 8.281548021903648027e-02 6.816935729515687381e-01 8.613942951292349326e-01 6.816935729515687381e-01
1.081870033513127882e-01 2.478219696969697072e-01 3.632765474509944137e-01 1.467174973369961277e-01 6.355749707746262411e-02 7.971367651538227017e-01 8.936257851920502704e-01 7.971367651538227017e-01
7.451244208858087692e-02 2.679825568051411588e-01 3.871548308712773334e-01 1.577667279213058049e-01 4.122315880145204642e-02 8.891257995735607489e-01 9.310060755843888591e-01 8.891257995735607489e-01
4.465698944044451529e-02 2.748524841223368709e-01 3.731893559307049579e-01 1.612749762131303610e-01 2.374946163785147252e-02 9.293329272007310182e-01 9.602512614560807513e-01 9.293329272007310182e-01
1.923121123992112963e-02 2.843987958207898070e-01 4.138456756434975570e-01 1.663817663817663828e-01 9.844336430197501292e-03 9.783734389278099242e-01 9.835238389455256414e-01 9.783734389278099242e-01
3.680256816817367022e-03 2.881214621089122074e-01 5.974896942102996267e-01 1.683071875320414357e-01 1.845813080662031709e-03 1.000000000000000000e+00 9.969107198022860716e-01 1.000000000000000000e+00
0.000000000000000000e+00 2.877426705815329111e-01 0.000000000000000000e+00 1.680487305487305405e-01 0.000000000000000000e+00 1.000000000000000000e+00 1.000000000000000000e+00 1.000000000000000000e+00
0.000000000000000000e+00 2.877426705815329111e-01 0.000000000000000000e+00 1.680487305487305405e-01 0.000000000000000000e+00 1.000000000000000000e+00 1.000000000000000000e+00 1.000000000000000000e+00
0.000000000000000000e+00 2.877426705815329111e-01 0.000000000000000000e+00 1.680487305487305405e-01 0.000000000000000000e+00 1.000000000000000000e+00 1.000000000000000000e+00 1.000000000000000000e+00
0.000000000000000000e+00 2.877426705815329111e-01 0.000000000000000000e+00 1.680487305487305405e-01 0.000000000000000000e+00 1.000000000000000000e+00 1.000000000000000000e+00 1.000000000000000000e+00
0.000000000000000000e+00 2.877426705815329111e-01 0.000000000000000000e+00 1.680487305487305405e-01 0.000000000000000000e+00 1.000000000000000000e+00 1.000000000000000000e+00 1.000000000000000000e+00
0.000000000000000000e+00 2.877426705815329111e-01 0.000000000000000000e+00 1.680487305487305405e-01 0.000000000000000000e+00 1.000000000000000000e+00 1.000000000000000000e+00 1.000000000000000000e+00
0.000000000000000000e+00 2.877426705815329111e-01 0.000000000000000000e+00 1.680487305487305405e-01 0.000000000000000000e+00 1.000000000000000000e+00 1.000000000000000000e+00 1.000000000000000000e+00
0.000000000000000000e+00 2.877426705815329111e-01 0.000000000000000000e+00 1.680487305487305405e-01 0.000000000000000000e+00 1.000000000000000000e+00 1.000000000000000000e+00 1.000000000000000000e+00
0.000000000000000000e+00 2.877426705815329111e-01 0.000000000000000000e+00 1.680487305487305405e-01 0.000000000000000000e+00 1.000000000000000000e+00 1.000000000000000000e+00 1.000000000000000000e+00
0.000000000000000000e+00 2.877426705815329111e-01 0.000000000000000000e+00 1.680487305487305405e-01 0.000000000000000000e+00 1.000000000000000000e+00 1.000000000000000000e+00 1.000000000000000000e+00
0.000000000000000000e+00 2.877426705815329111e-01 0.000000000000000000e+00 1.680487305487305405e-01 0.000000000000000000e+00 1.000000000000000000e+00 1.000000000000000000e+00 1.000000000000000000e+00
0.000000000000000000e+00 2.877426705815329111e-01 0.000000000000000000e+00 1.680487305487305405e-01 0.000000000000000000e+00 1.000000000000000000e+00 1.000000000000000000e+00 1.000000000000000000e+00
0.000000000000000000e+00 2.877426705815329111e-01 0.000000000000000000e+00 1.680487305487305405e-01 0.000000000000000000e+00 1.000000000000000000e+00 1.000000000000000000e+00 1.000000000000000000e+00
0.000000000000000000e+00 2.877426705815329111e-01 0.000000000000000000e+00 1.680487305487305405e-01 0.000000000000000000e+00 1.000000000000000000e+00 1.000000000000000000e+00 1.000000000000000000e+00
0.000000000000000000e+00 2.877426705815329111e-01 0.000000000000000000e+00 1.680487305487305405e-01 0.000000000000000000e+00 1.000000000000000000e+00 1.000000000000000000e+00 1.000000000000000000e+00
0.000000000000000000e+00 2.877426705815329111e-01 0.000000000000000000e+00 1.680487305487305405e-01 0.000000000000000000e+00 1.000000000000000000e+00 1.000000000000000000e+00 1.000000000000000000e+00
0.000000000000000000e+00 2.877426705815329111e-01 0.000000000000000000e+00 1.680487305487305405e-01 0.000000000000000000e+00 1.000000000000000000e+00 1.000000000000000000e+00 1.000000000000000000e+00
0.000000000000000000e+00 2.877426705815329111e-01 0.000000000000000000e+00 1.680487305487305405e-01 0.000000000000000000e+00 1.000000000000000000e+00 1.000000000000000000e+00 1.000000000000000000e+00
0.000000000000000000e+00 2.877426705815329111e-01 0.000000000000000000e+00 1.680487305487305405e-01 0.000000000000000000e+00 1.000000000000000000e+00 1.000000000000000000e+00 1.000000000000000000e+00
0.000000000000000000e+00 2.877426705815329111e-01 0.000000000000000000e+00 1.680487305487305405e-01 0.000000000000000000e+00 1.000000000000000000e+00 1.000000000000000000e+00 1.000000000000000000e+00
0.000000000000000000e+00 2.877426705815329111e-01 0.000000000000000000e+00 1.680487305487305405e-01 0.000000000000000000e+00 1.000000000000000000e+00 1.000000000000000000e+00 1.000000000000000000e+00
0.000000000000000000e+00 2.877426705815329111e-01 0.000000000000000000e+00 1.680487305487305405e-01 0.000000000000000000e+00 1.000000000000000000e+00 1.000000000000000000e+00 1.000000000000000000e+00
0.000000000000000000e+00 2.877426705815329111e-01 0.000000000000000000e+00 1.680487305487305405e-01 0.000000000000000000e+00 1.000000000000000000e+00 1.000000000000000000e+00 1.000000000000000000e+00
0.000000000000000000e+00 2.877426705815329111e-01 0.000000000000000000e+00 1.680487305487305405e-01 0.000000000000000000e+00 1.000000000000000000e+00 1.000000000000000000e+00 1.000000000000000000e+00
0.000000000000000000e+00 2.877426705815329111e-01 0.000000000000000000e+00 1.680487305487305405e-01 0.000000000000000000e+00 1.000000000000000000e+00 1.000000000000000000e+00 1.000000000000000000e+00
0.000000000000000000e+00 2.877426705815329111e-01 0.000000000000000000e+00 1.680487305487305405e-01 0.000000000000000000e+00 1.000000000000000000e+00 1.000000000000000000e+00 1.000000000000000000e+00
0.000000000000000000e+00 2.877426705815329111e-01 0.000000000000000000e+00 1.680487305487305405e-01 0.000000000000000000e+00 1.000000000000000000e+00 1.000000000000000000e+00 1.000000000000000000e+00
0.000000000000000000e+00 2.877426705815329111e-01 0.000000000000000000e+00 1.680487305487305405e-01 0.000000000000000000e+00 1.000000000000000000e+00 1.000000000000000000e+00 1.000000000000000000e+00
0.000000000000000000e+00 2.877426705815329111e-01 0.000000000000000000e+00 1.680487305487305405e-01 0.000000000000000000e+00 1.000000000000000000e+00 1.000000000000000000e+00 1.000000000000000000e+00
0.000000000000000000e+00 2.877426705815329111e-01 0.000000000000000000e+00 1.680487305487305405e-01 0.000000000000000000e+00 1.000000000000000000e+00 1.000000000000000000e+00 1.000000000000000000e+00
0.000000000000000000e+00 2.877426705815329111e-01 0.000000000000000000e+00 1.680487305487305405e-01 0.000000000000000000e+00 1.000000000000000000e+00 1.000000000000000000e+00 1.000000000000000000e+00
0.000000000000000000e+00 2.877426705815329111e-01 0.000000000000000000e+00 1.680487305487305405e-01 0.000000000000000000e+00 1.000000000000000000e+00 1.000000000000000000e+00 1.000000000000000000e+00
0.000000000000000000e+00 2.877426705815329111e-01 0.000000000000000000e+00 1.680487305487305405e-01 0.000000000000000000e+00 1.000000000000000000e+00 1.000000000000000000e+00 1.000000000000000000e+00
0.000000000000000000e+00 2.877426705815329111e-01 0.000000000000000000e+00 1.680487305487305405e-01 0.000000000000000000e+00 1.000000000000000000e+00 1.000000000000000000e+00 1.000000000000000000e+00
0.000000000000000000e+00 2.877426705815329111e-01 0.000000000000000000e+00 1.680487305487305405e-01 0.000000000000000000e+00 1.000000000000000000e+00 1.000000000000000000e+00 1.000000000000000000e+00
0.000000000000000000e+00 2.877426705815329111e-01 0.000000000000000000e+00 1.680487305487305405e-01 0.000000000000000000e+00 1.000000000000000000e+00 1.000000000000000000e+00 1.000000000000000000e+00
0.000000000000000000e+00 2.877426705815329111e-01 0.000000000000000000e+00 1.680487305487305405e-01 0.000000000000000000e+00 1.000000000000000000e+00 1.000000000000000000e+00 1.000000000000000000e+00
0.000000000000000000e+00 2.877426705815329111e-01 0.000000000000000000e+00 1.680487305487305405e-01 0.000000000000000000e+00 1.000000000000000000e+00 1.000000000000000000e+00 1.000000000000000000e+00
0.000000000000000000e+00 2.877426705815329111e-01 0.000000000000000000e+00 1.680487305487305405e-01 0.000000000000000000e+00 1.000000000000000000e+00 1.000000000000000000e+00 1.000000000000000000e+00
0.000000000000000000e+00 2.877426705815329111e-01 0.000000000000000000e+00 1.680487305487305405e-01 0.000000000000000000e+00 1.000000000000000000e+00 1.000000000000000000e+00 1.000000000000000000e+00
0.000000000000000000e+00 2.877426705815329111e-01 0.000000000000000000e+00 1.680487305487305405e-01 0.000000000000000000e+00 1.000000000000000000e+00 1.000000000000000000e+00 1.000000000000000000e+00
0.000000000000000000e+00 2.877426705815329111e-01 0.000000000000000000e+00 1.680487305487305405e-01 0.000000000000000000e+00 1.000000000000000000e+00 1.000000000000000000e+00 1.000000000000000000e+00
0.000000000000000000e+00 2.877426705815329111e-01 0.000000000000000000e+00 1.680487305487305405e-01 0.000000000000000000e+00 1.000000000000000000e+00 1.000000000000000000e+00 1.000000000000000000e+00
0.000000000000000000e+00 2.877426705815329111e-01 0.000000000000000000e+00 1.680487305487305405e-01 0.000000000000000000e+00 1.000000000000000000e+00 1.000000000000000000e+00 1.000000000000000000e+00
0.000000000000000000e+00 2.877426705815329111e-01 0.000000000000000000e+00 1.680487305487305405e-01 0.000000000000000000e+00 1.000000000000000000e+00 1.000000000000000000e+00 1.000000000000000000e+00
0.000000000000000000e+00 2.877426705815329111e-01 0.000000000000000000e+00 1.680487305487305405e-01 0.000000000000000000e+00 1.000000000000000000e+00 1.000000000000000000e+00 1.000000000000000000e+00
0.000000000000000000e+00 2.877426705815329111e-01 0.000000000000000000e+00 1.680487305487305405e-01 0.000000000000000000e+00 1.000000000000000000e+00 1.000000000000000000e+00 1.000000000000000000e+00
0.000000000000000000e+00 2.877426705815329111e-01 0.000000000000000000e+00 1.680487305487305405e-01 0.000000000000000000e+00 1.000000000000000000e+00 1.000000000000000000e+00 1.000000000000000000e+00
0.000000000000000000e+00 2.877426705815329111e-01 0.000000000000000000e+00 1.680487305487305405e-01 0.000000000000000000e+00 1.000000000000000000e+00 1.000000000000000000e+00 1.000000000000000000e+00
0.000000000000000000e+00 2.877426705815329111e-01 0.000000000000000000e+00 1.680487305487305405e-01 0.000000000000000000e+00 1.000000000000000000e+00 1.000000000000000000e+00 1.000000000000000000e+00
0.000000000000000000e+00 2.877426705815329111e-01 0.000000000000000000e+00 1.680487305487305405e-01 0.000000000000000000e+00 1.000000000000000000e+00 1.000000000000000000e+00 1.000000000000000000e+00
0.000000000000000000e+00 2.877426705815329111e-01 0.000000000000000000e+00 1.680487305487305405e-01 0.000000000000000000e+00 1.000000000000000000e+00 1.000000000000000000e+00 1.000000000000000000e+00
0.000000000000000000e+00 2.877426705815329111e-01 0.000000000000000000e+00 1.680487305487305405e-01 0.000000000000000000e+00 1.000000000000000000e+00 1.000000000000000000e+00 1.000000000000000000e+00
0.000000000000000000e+00 2.877426705815329111e-01 0.000000000000000000e+00 1.680487305487305405e-01 0.000000000000000000e+00 1.000000000000000000e+00 1.000000000000000000e+00 1.000000000000000000e+00
0.000000000000000000e+00 2.877426705815329111e-01 0.000000000000000000e+00 1.680487305487305405e-01 0.000000000000000000e+00 1.000000000000000000e+00 1.000000000000000000e+00 1.000000000000000000e+00
0.000000000000000000e+00 2.877426705815329111e-01 0.000000000000000000e+00 1.680487305487305405e-01 0.000000000000000000e+00 1.000000000000000000e+00 1.000000000000000000e+00 1.000000000000000000e+00
