8.779675413722863864e-01 4.391273750879661625e-02 8.044499031367677855e-01 7.464114832535885258e-01 9.892688250272826389e-01 2.262180974477958142e-02 3.213289681096156286e-03 2.262180974477958142e-02
8.780725624374886573e-01 4.609978917779340019e-02 8.046791709870027010e-01 7.488584474885844333e-01 9.891475688129016675e-01 2.378190255220417534e-02 3.334545895477143349e-03 2.378190255220417534e-02
8.780238253675588522e-01 4.662921348314606751e-02 8.047140550205457155e-01 7.410714285714286031e-01 9.889656844913302658e-01 2.407192575406032556e-02 3.516430217048623942e-03 2.407192575406032556e-02
8.780668738563809361e-01 4.798653009681493747e-02 8.048527414812669534e-01 7.402597402597402843e-01 9.888444282769491833e-01 2.479698375870069763e-02 3.637686431429610571e-03 2.479698375870069763e-02
8.781613125605284287e-01 4.962153069806560929e-02 8.050218938265698565e-01 7.436974789915966610e-01 9.887838001697587531e-01 2.566705336426914133e-02 3.698314538620104102e-03 2.566705336426914133e-02
8.781764154365193642e-01 5.176997341541905717e-02 8.052263157923187364e-01 7.370517928286852705e-01 9.884806596338061579e-01 2.682714617169373525e-02 4.001455074572572192e-03 2.682714617169373525e-02
8.783556612583974799e-01 5.528409884126762874e-02 8.055960702538697005e-01 7.415730337078652035e-01 9.882987753122347563e-01 2.871229698375870124e-02 4.183339396144052785e-03 2.871229698375870124e-02
8.783186466802020975e-01 5.633802816901408578e-02 8.056794396590174490e-01 7.345454545454545014e-01 9.880562628834727024e-01 2.929234338747099819e-02 4.425851824906026043e-03 2.929234338747099819e-02
8.783646289521446215e-01 5.847139078379507554e-02 8.058848902435321593e-01 7.317073170731707155e-01 9.878137504547107595e-01 3.045243619489559211e-02 4.668364253668000168e-03 3.045243619489559211e-02
8.784088490223681545e-01 6.059763724808895496e-02 8.061162907521484122e-01 7.290969899665551424e-01 9.875712380259488166e-01 3.161252900232018603e-02 4.910876682429974292e-03 3.161252900232018603e-02
8.785154780509559780e-01 6.273421235253295869e-02 8.063351991493804549e-01 7.313915857605177706e-01 9.874499818115679561e-01 3.277262180974477995e-02 5.032132896810961355e-03 3.277262180974477995e-02
8.786637948382266528e-01 6.540113620617986345e-02 8.066156842700340501e-01 7.352024922118379768e-01 9.873287255971868737e-01 3.422273781902552409e-02 5.153389111191948417e-03 3.422273781902552409e-02
8.787111135999444711e-01 6.828863699198230164e-02 8.069145670903984380e-01 7.307692307692307265e-01 9.869649569540438483e-01 3.581786542923433986e-02 5.517157754334909604e-03 3.581786542923433986e-02
8.772732703337476901e-01 7.119386637458927081e-02 8.066604043734780793e-01 6.372549019607842702e-01 9.835091548441857734e-01 3.770301624129930584e-02 8.972959864193039148e-03 3.770301624129930584e-02
8.763130228525602972e-01 7.420494699646643100e-02 8.065460595965427970e-01 5.909090909090909394e-01 9.810234024493754701e-01 3.958816705336427183e-02 1.145871225900327306e-02 3.958816705336427183e-02
8.757077909909819491e-01 7.927733585007415429e-02 8.068062411320207072e-01 5.642994241842610448e-01 9.788407905905177619e-01 4.263341067285383174e-02 1.376258033224202725e-02 4.263341067285383174e-02
8.742877111269030665e-01 8.351120597652081368e-02 8.066703741680315565e-01 5.216666666666666119e-01 9.752031041590881744e-01 4.538863109048724143e-02 1.740026676367163738e-02 4.538863109048724143e-02
8.711360817063279471e-01 8.579299488390397521e-02 8.056771885010420853e-01 4.497936726272351859e-01 9.683521280465624548e-01 4.741879350348027905e-02 2.425124287619740554e-02 4.741879350348027905e-02
8.699450302996679651e-01 8.898139716404319943e-02 8.055661376399788631e-01 4.323640960809102540e-01 9.653813507942282657e-01 4.959396751740139525e-02 2.722202012853158770e-02 4.959396751740139525e-02
8.691275617816921484e-01 9.130884635281945327e-02 8.055276817984271531e-01 4.222488038277512068e-01 9.633199951497514180e-01 5.118909512761021102e-02 2.928337577300836603e-02 5.118909512761021102e-02
8.690904601900361071e-01 9.439071566731141449e-02 8.058333089229756663e-01 4.260768335273573681e-01 9.627137140778464497e-01 5.307424593967517701e-02 2.988965684491330307e-02 5.307424593967517701e-02
8.690946427448431599e-01 9.816266221251444823e-02 8.062451957070321251e-01 4.306651634723788202e-01 9.620468048987510512e-01 5.539443155452436485e-02 3.061719413119922545e-02 5.539443155452436485e-02
8.692258434333387518e-01 1.022028688524590362e-01 8.067538694949356604e-01 4.375000000000000000e-01 9.616224081484175956e-01 5.785962877030162432e-02 3.110221898872317370e-02 5.785962877030162432e-02
8.690911373068685997e-01 1.365461847389558003e-01 8.070745081664280063e-01 5.074626865671642006e-01 9.607129865405601432e-01 7.888631090487238651e-02 3.201164059658057753e-02 7.888631090487238651e-02
8.702953504565388299e-01 4.083724903887228086e-01 8.090740993402508741e-01 7.747163695299837949e-01 9.591366557536074033e-01 2.772621809744779675e-01 3.370922759791439294e-02 2.772621809744779675e-01
8.717899545617977530e-01 5.074183976261128493e-01 8.131969368942291165e-01 7.980709396390790467e-01 9.549533163574631667e-01 3.719547563805104540e-01 3.934764156663028700e-02 3.719547563805104540e-01
8.028407707931339843e-01 5.033601049008358252e-01 7.811591034944063150e-01 5.787787410478703043e-01 8.614041469625317582e-01 4.453306264501160072e-01 1.355038195707529980e-01 4.453306264501160072e-01
7.492815287714248429e-01 4.814758113900795555e-01 7.443598193407723329e-01 5.098897535667963332e-01 8.156299260337092072e-01 4.560614849187935027e-01 1.832787680368618832e-01 4.560614849187935027e-01
7.430639297205161586e-01 4.784739500867073447e-01 7.000398766930220340e-01 4.983508716821108964e-01 8.061719413119922129e-01 4.601218097447795641e-01 1.936461743664362745e-01 4.601218097447795641e-01
7.382682842047136873e-01 4.759497435134935062e-01 7.006342124091053947e-01 4.883295194508009418e-01 7.964714441615132756e-01 4.641821345707656810e-01 2.033466715169152395e-01 4.641821345707656810e-01
7.356406070328143088e-01 4.757202859037653608e-01 7.013337564927752954e-01 4.835955056179775391e-01 7.908330301927973816e-01 4.680974477958236846e-01 2.089850854856311335e-01 4.680974477958236846e-01
7.294254407195799317e-01 4.714762665118304996e-01 7.017399335932956728e-01 4.719558267945364594e-01 7.794955741481750522e-01 4.709976798143851728e-01 2.203225415302534351e-01 4.709976798143851728e-01
7.110115272243260343e-01 4.580943053029243317e-01 7.024409125878859905e-01 4.425520410921870984e-01 7.497878016248332722e-01 4.747679814385150632e-01 2.500303140535952706e-01 4.747679814385150632e-01
6.601140607273796590e-01 4.285343372711929999e-01 7.031794543562561728e-01 3.878965922444183589e-01 6.840063053231477674e-01 4.786832946635730668e-01 3.158118103552807199e-01 4.786832946635730668e-01
6.076394206887347771e-01 4.097908103797312518e-01 7.043383080011608177e-01 3.551302498670919627e-01 6.321086455680853256e-01 4.843387470997679856e-01 3.677094701103431618e-01 4.843387470997679856e-01
5.868995375797022573e-01 4.062518785692816325e-01 7.054932008649617003e-01 3.469555395831194211e-01 6.142233539468897607e-01 4.899941995359629043e-01 3.855947617315387266e-01 4.899941995359629043e-01
5.721958230403318968e-01 4.038632458375304157e-01 7.059605388176384277e-01 3.414487526299970210e-01 6.013095671153146915e-01 4.941995359628770235e-01 3.985085485631138513e-01 4.941995359628770235e-01
5.590157734970817582e-01 4.030907920154540025e-01 7.069697653699092976e-01 3.379797781486207908e-01 5.909421607857402448e-01 4.992749419953596557e-01 4.088759548926882426e-01 4.992749419953596557e-01
5.425739740599540006e-01 4.027008310249307610e-01 7.083795115043097779e-01 3.344516871165644223e-01 5.788771674548319757e-01 5.059454756380510343e-01 4.209409482235964561e-01 5.059454756380510343e-01
5.260847039506177936e-01 4.036832831239697272e-01 7.101243239352543757e-01 3.319622324016079373e-01 5.665696616951618747e-01 5.149361948955916146e-01 4.332484539832666681e-01 5.149361948955916146e-01
5.118788576414033953e-01 4.031025179856114193e-01 7.109702307538585675e-01 3.291116005873714889e-01 5.566266521159208835e-01 5.200116009280741913e-01 4.431914635625076038e-01 5.200116009280741913e-01
4.986341613445920418e-01 4.030033370411568727e-01 7.118565598906710923e-01 3.268675568386864017e-01 5.474718079301563733e-01 5.253770301624129946e-01 4.523463077482721140e-01 5.253770301624129946e-01
4.930936955912508246e-01 4.049737496546007010e-01 7.130008778805090319e-01 3.271720689347263344e-01 5.429853279980598746e-01 5.313225058004640289e-01 4.568327876803686127e-01 5.313225058004640289e-01
4.901360246436767820e-01 4.111647291072603738e-01 7.158625863950527357e-01 3.305996472663139119e-01 5.396507821025827711e-01 5.436484918793503818e-01 4.602279616830362574e-01 5.436484918793503818e-01
4.895732189216437380e-01 4.170073589533933589e-01 7.183935174548151670e-01 3.340903135645034716e-01 5.376500545652964647e-01 5.546693735498839928e-01 4.622286892203225639e-01 5.546693735498839928e-01
4.884796042065333577e-01 4.261835436212660921e-01 7.224065820789795644e-01 3.392274678111588115e-01 5.331635746331999659e-01 5.730858468677494377e-01 4.667151691524190626e-01 5.730858468677494377e-01
4.870837571838070867e-01 4.299726644155009714e-01 7.241368377688752744e-01 3.410424283649349797e-01 5.300109130592942641e-01 5.816415313225058448e-01 4.698678307263247089e-01 5.816415313225058448e-01
4.858148040028097414e-01 4.346624136097820279e-01 7.262148953816067731e-01 3.431257344300822631e-01 5.254031769128167939e-01 5.928074245939675135e-01 4.744755668728022346e-01 5.928074245939675135e-01
4.807634231382548751e-01 4.342202124303292110e-01 7.257472907067779033e-01 3.406203596766210207e-01 5.152782830120044011e-01 5.987529002320185478e-01 4.846004607736146275e-01 5.987529002320185478e-01
4.771271603854905230e-01 4.347690224467475884e-01 7.257396810269736154e-01 3.392117025599349911e-01 5.069116042197162608e-01 6.052784222737819242e-01 4.929671395659027677e-01 6.052784222737819242e-01
4.704557485334093792e-01 4.340010272213661868e-01 7.249544119051661850e-01 3.360108159694608077e-01 4.936946768521886519e-01 6.126740139211136471e-01 5.061840669334303211e-01 6.126740139211136471e-01
4.634048812517415072e-01 4.332894336946611635e-01 7.241715928517875600e-01 3.329441071150552878e-01 4.803564932702801271e-01 6.202146171693735388e-01 5.195222505153389569e-01 6.202146171693735388e-01
4.605159221095120881e-01 4.350404583605568809e-01 7.249301021127139144e-01 3.328974694254288047e-01 4.740511701224687791e-01 6.276102088167053727e-01 5.258275736631502495e-01 6.276102088167053727e-01
4.584529265611156368e-01 4.367655148272240884e-01 7.258718465281031040e-01 3.333333333333333148e-01 4.703528555838487057e-01 6.332656612529001805e-01 5.295258882017703783e-01 6.332656612529001805e-01
4.570138227960552357e-01 4.387816046187537622e-01 7.269602739554195114e-01 3.340406183692027908e-01 4.670789377955620325e-01 6.392111368909513258e-01 5.327998059900569405e-01 6.392111368909513258e-01
4.552258471807199558e-01 4.406259284936119291e-01 7.279830769473319974e-01 3.345615882087532023e-01 4.633806232569418482e-01 6.451566125290023601e-01 5.364981205286770694e-01 6.451566125290023601e-01
4.150419874759810335e-01 4.216013148626438500e-01 7.131769549271322894e-01 3.117577609556219098e-01 3.991148296350187641e-01 6.509570765661253366e-01 6.008245422577906947e-01 6.509570765661253366e-01
4.036074026775401391e-01 4.245152990903243162e-01 7.136305540144606274e-01 3.106926698049764513e-01 3.785619012974414943e-01 6.699535962877030126e-01 6.214380987025585057e-01 6.699535962877030126e-01
3.738473766080872007e-01 4.202994567377766333e-01 7.062663091750398525e-01 3.021911718005715897e-01 3.338789862980477419e-01 6.899651972157773150e-01 6.661210137019522026e-01 6.899651972157773150e-01
3.401167061349962828e-01 4.173352009847616784e-01 6.976643413813494732e-01 2.950249054792054015e-01 2.878016248332727067e-01 7.128770301624129946e-01 7.121983751667273488e-01 7.128770301624129946e-01
3.235254122170282409e-01 4.253120608415309478e-01 7.017307249252311419e-01 2.974332292750607176e-01 2.631866133139323383e-01 7.460846867749419964e-01 7.368133866860676617e-01 7.460846867749419964e-01
2.934744749832087218e-01 4.294899956068532476e-01 4.183143888697194446e-01 2.963677451358650572e-01 2.260215836061598149e-01 7.797273781902551715e-01 7.739784163938401296e-01 7.797273781902551715e-01
2.681829584626051477e-01 4.328195547252062791e-01 4.175399674366093161e-01 2.958076186422642917e-01 1.975263732266278605e-01 8.062645011600928502e-01 8.024736267733720840e-01 8.062645011600928502e-01
2.450491912073100298e-01 4.349980937857415020e-01 4.158767523854828840e-01 2.950760318609703114e-01 1.736995271007639174e-01 8.272911832946635569e-01 8.263004728992361381e-01 8.272911832946635569e-01
2.196303353724091134e-01 4.325560470870510321e-01 4.050574416066730077e-01 2.916877338456871360e-01 1.506608463683763721e-01 8.365719257540603637e-01 8.493391536316236001e-01 8.365719257540603637e-01
1.880281022562088067e-01 4.296645085344320547e-01 3.883307663134756837e-01 2.878548895899053495e-01 1.240451073117497388e-01 8.468677494199535749e-01 8.759548926882502196e-01 8.468677494199535749e-01
1.546555224129762540e-01 4.256734767673115427e-01 3.627439106083149012e-01 2.835396695409220236e-01 9.827816175578998892e-02 8.535382830626450090e-01 9.017218382442100388e-01 8.535382830626450090e-01
1.379181792453503252e-01 4.256340449921192093e-01 3.515167771019150900e-01 2.826355851569933297e-01 8.578877167454831976e-02 8.615139211136890740e-01 9.142112283254516525e-01 8.615139211136890740e-01
1.191062957571974862e-01 4.244489404749228201e-01 3.332496074380272288e-01 2.810076608544437859e-01 7.251121619983023903e-02 8.670243619489559350e-01 9.274887838001697471e-01 8.670243619489559350e-01
1.124036706188351470e-01 4.261993923549777796e-01 3.318462912133337550e-01 2.817375058383932984e-01 6.766096762459075653e-02 8.747099767981438845e-01 9.323390323754092712e-01 8.747099767981438845e-01
1.078053414860071502e-01 4.285161335726098697e-01 3.342716239220650531e-01 2.829066579937741244e-01 6.426579362192312572e-02 8.829756380510440650e-01 9.357342063780769159e-01 8.829756380510440650e-01
1.038505002721455683e-01 4.302900634842691807e-01 3.360075622889757141e-01 2.837844089752486476e-01 6.141627258396992889e-02 8.895011600928074413e-01 9.385837274160300225e-01 8.895011600928074413e-01
1.001062399285422705e-01 4.343363820428681188e-01 3.464347345819766000e-01 2.860229885057471444e-01 5.850612343882623939e-02 9.021171693735499097e-01 9.414938765611737814e-01 9.021171693735499097e-01
9.636717630225200004e-02 4.359750791827642913e-01 3.490908708106660319e-01 2.868330661781543500e-01 5.589911482963502015e-02 9.082076566125290018e-01 9.441008851703649452e-01 9.082076566125290018e-01
9.027822192233074527e-02 4.368756936736958862e-01 3.466149751591550143e-01 2.871079504011670447e-01 5.189765975506244189e-02 9.132830626450115785e-01 9.481023402449375581e-01 9.132830626450115785e-01
8.648865039210693051e-02 4.377703193661118264e-01 3.464541750002955167e-01 2.874801181549647699e-01 4.941190736025221492e-02 9.173433874709976399e-01 9.505880926397477504e-01 9.173433874709976399e-01
8.089090758541084281e-02 4.386037527593819041e-01 3.439738941180241483e-01 2.877443881245474455e-01 4.583484903601309224e-02 9.219837587006960433e-01 9.541651509639869078e-01 9.219837587006960433e-01
7.501840434580316075e-02 4.395627062706270460e-01 3.415591707046605752e-01 2.880767844268204980e-01 4.213653449739298423e-02 9.270591647331786200e-01 9.578634655026070366e-01 9.270591647331786200e-01
6.983531277802469683e-02 4.404223227752639414e-01 3.393030793636073184e-01 2.883821152810199240e-01 3.892324481629683836e-02 9.315545243619489657e-01 9.610767551837031686e-01 9.315545243619489657e-01
6.394067129603388244e-02 4.420232931452576786e-01 3.402761246032230402e-01 2.891033373542420404e-01 3.528555838486722301e-02 9.383700696055684576e-01 9.647144416151327562e-01 9.383700696055684576e-01
6.047914990854549172e-02 4.432480321668313961e-01 3.429728149765758904e-01 2.896975635829138751e-01 3.316357463319995202e-02 9.431554524361949188e-01 9.668364253668000341e-01 9.431554524361949188e-01
5.600327684723733351e-02 4.452143196793696411e-01 3.501863667787855072e-01 2.906945799698394395e-01 3.043530980962774399e-02 9.504060324825985839e-01 9.695646901903722803e-01 9.504060324825985839e-01
4.919022005022913313e-02 4.469553450608930723e-01 3.535801147825354818e-01 2.914754677020826024e-01 2.643385473505517266e-02 9.579466357308584756e-01 9.735661452649447822e-01 9.579466357308584756e-01
4.487200673485209484e-02 4.505457485514081650e-01 3.843563168243602224e-01 2.934439178515008129e-01 2.382684612586394995e-02 9.696925754060324865e-01 9.761731538741360570e-01 9.696925754060324865e-01
4.031021950790471264e-02 4.522889866657709423e-01 4.016878014121030849e-01 2.943130655243257343e-01 2.121983751667273072e-02 9.763631090487239206e-01 9.787801624833272207e-01 9.763631090487239206e-01
3.538357880250229265e-02 4.531108654136093983e-01 4.090470670220937577e-01 2.946276850681887605e-01 1.849157269310052268e-02 9.805684454756380397e-01 9.815084273068994669e-01 9.805684454756380397e-01
3.239488463170180077e-02 4.536330790847049044e-01 4.154191741159221629e-01 2.948338841537658794e-01 1.685461379895719647e-02 9.831786542923434125e-01 9.831453862010427480e-01 9.831786542923434125e-01
2.938237335334476993e-02 4.542053577393279640e-01 4.246512838524353350e-01 2.950698724069091283e-01 1.521765490481387199e-02 9.859338747099768430e-01 9.847823450951861401e-01 9.859338747099768430e-01
2.585371272732817430e-02 4.541481802715415239e-01 4.191815558702723377e-01 2.949178978380486149e-01 1.333818358190857339e-02 9.870939675174014161e-01 9.866618164180914752e-01 9.870939675174014161e-01
2.176210466101775182e-02 4.550447721447354876e-01 4.421704367450872697e-01 2.953121624540937518e-01 1.115557172305080627e-02 9.911542923433874774e-01 9.888444282769491833e-01 9.911542923433874774e-01
1.832992429692508266e-02 4.562848790858357595e-01 4.981811567842852062e-01 2.959324370906584178e-01 9.336728507336000335e-03 9.959396751740139386e-01 9.906632714926639771e-01 9.959396751740139386e-01
1.540255157403525553e-02 4.562137049941927813e-01 5.029800119971380434e-01 2.957958604070743402e-01 7.821025827573662922e-03 9.968097447795823962e-01 9.921789741724262868e-01 9.968097447795823962e-01
1.269239621440909974e-02 4.561217385538573477e-01 5.073862779369882059e-01 2.956547900459878808e-01 6.426579362192312572e-03 9.975348027842226850e-01 9.935734206378077360e-01 9.975348027842226850e-01
1.032700820063469152e-02 4.562286774204232231e-01 5.329823285022304846e-01 2.956428418115475409e-01 5.214017218382441948e-03 9.986948955916473691e-01 9.947859827816175615e-01 9.986948955916473691e-01
7.825247046364863790e-03 4.561159650516283248e-01 5.467052954321052205e-01 2.954974271012006937e-01 3.940826967382078660e-03 9.992749419953596002e-01 9.960591730326179283e-01 9.992749419953596002e-01
7.110913692259174419e-03 4.562808085486485532e-01 5.887595489268825366e-01 2.955724143842955454e-01 3.577058324239117040e-03 1.000000000000000000e+00 9.964229416757608426e-01 1.000000000000000000e+00
4.950603262100528382e-03 4.560092577285501658e-01 5.887595489268825366e-01 2.953445543706368359e-01 2.485752394810233912e-03 1.000000000000000000e+00 9.975142476051898077e-01 1.000000000000000000e+00
3.023621348227621426e-03 4.557681504246389181e-01 5.887595489268825366e-01 2.951423068692488605e-01 1.515702679762338063e-03 1.000000000000000000e+00 9.984842973202376903e-01 1.000000000000000000e+00
2.178573724058769593e-03 4.556627461345315044e-01 5.887595489268825366e-01 2.950539106623309982e-01 1.091305929428883128e-03 1.000000000000000000e+00 9.989086940705711459e-01 1.000000000000000000e+00
1.090295460975708366e-03 4.555272979489381480e-01 5.887595489268825366e-01 2.949403361703947790e-01 5.456529647144415639e-04 1.000000000000000000e+00 9.994543470352855730e-01 1.000000000000000000e+00
