9.794496814241283600e-01 0.000000000000000000e+00 9.678683737498109396e-01 0.000000000000000000e+00 9.917580153300914469e-01 0.000000000000000000e+00 0.000000000000000000e+00 0.000000000000000000e+00
9.794496814241283600e-01 0.000000000000000000e+00 9.678683737498109396e-01 0.000000000000000000e+00 9.917580153300914469e-01 0.000000000000000000e+00 0.000000000000000000e+00 0.000000000000000000e+00
9.794496814241283600e-01 0.000000000000000000e+00 9.678683737498109396e-01 0.000000000000000000e+00 9.917580153300914469e-01 0.000000000000000000e+00 0.000000000000000000e+00 0.000000000000000000e+00
9.794496814241283600e-01 0.000000000000000000e+00 9.678683737498109396e-01 0.000000000000000000e+00 9.917580153300914469e-01 0.000000000000000000e+00 0.000000000000000000e+00 0.000000000000000000e+00
9.794496814241283600e-01 0.000000000000000000e+00 9.678683737498109396e-01 0.000000000000000000e+00 9.917580153300914469e-01 0.000000000000000000e+00 0.000000000000000000e+00 0.000000000000000000e+00
9.794496814241283600e-01 0.000000000000000000e+00 9.678683737498109396e-01 0.000000000000000000e+00 9.917580153300914469e-01 0.000000000000000000e+00 0.000000000000000000e+00 0.000000000000000000e+00
9.794496814241283600e-01 0.000000000000000000e+00 9.678683737498109396e-01 0.000000000000000000e+00 9.917580153300914469e-01 0.000000000000000000e+00 0.000000000000000000e+00 0.000000000000000000e+00
9.794496814241283600e-01 0.000000000000000000e+00 9.678683737498109396e-01 0.000000000000000000e+00 9.917580153300914469e-01 0.000000000000000000e+00 0.000000000000000000e+00 0.000000000000000000e+00
9.794496814241283600e-01 0.000000000000000000e+00 9.678683737498109396e-01 0.000000000000000000e+00 9.917580153300914469e-01 0.000000000000000000e+00 0.000000000000000000e+00 0.000000000000000000e+00
9.794496814241283600e-01 0.000000000000000000e+00 9.678683737498109396e-01 0.000000000000000000e+00 9.917580153300914469e-01 0.000000000000000000e+00 0.000000000000000000e+00 0.000000000000000000e+00
9.794496814241283600e-01 0.000000000000000000e+00 9.678683737498109396e-01 0.000000000000000000e+00 9.917580153300914469e-01 0.000000000000000000e+00 0.000000000000000000e+00 0.000000000000000000e+00
9.794496814241283600e-01 0.000000000000000000e+00 9.678683737498109396e-01 0.000000000000000000e+00 9.917580153300914469e-01 0.000000000000000000e+00 0.000000000000000000e+00 0.000000000000000000e+00
9.794496814241283600e-01 0.000000000000000000e+00 9.678683737498109396e-01 0.000000000000000000e+00 9.917580153300914469e-01 0.000000000000000000e+00 0.000000000000000000e+00 0.000000000000000000e+00
9.794496814241283600e-01 0.000000000000000000e+00 9.678683737498109396e-01 0.000000000000000000e+00 9.917580153300914469e-01 0.000000000000000000e+00 0.000000000000000000e+00 0.000000000000000000e+00
9.794496814241283600e-01 0.000000000000000000e+00 9.678683737498109396e-01 0.000000000000000000e+00 9.917580153300914469e-01 0.000000000000000000e+00 0.000000000000000000e+00 0.000000000000000000e+00
9.794496814241283600e-01 0.000000000000000000e+00 9.678683737498109396e-01 0.000000000000000000e+00 9.917580153300914469e-01 0.000000000000000000e+00 0.000000000000000000e+00 0.000000000000000000e+00
9.794496814241283600e-01 0.000000000000000000e+00 9.678683737498109396e-01 0.000000000000000000e+00 9.917580153300914469e-01 0.000000000000000000e+00 0.000000000000000000e+00 0.000000000000000000e+00
9.794496814241283600e-01 0.000000000000000000e+00 9.678683737498109396e-01 0.000000000000000000e+00 9.917580153300914469e-01 0.000000000000000000e+00 0.000000000000000000e+00 0.000000000000000000e+00
9.794496814241283600e-01 0.000000000000000000e+00 9.678683737498109396e-01 0.000000000000000000e+00 9.917580153300914469e-01 0.000000000000000000e+00 0.000000000000000000e+00 0.000000000000000000e+00
9.794496814241283600e-01 0.000000000000000000e+00 9.678683737498109396e-01 0.000000000000000000e+00 9.917580153300914469e-01 0.000000000000000000e+00 0.000000000000000000e+00 0.000000000000000000e+00
9.794496814241283600e-01 0.000000000000000000e+00 9.678683737498109396e-01 0.000000000000000000e+00 9.917580153300914469e-01 0.000000000000000000e+00 0.000000000000000000e+00 0.000000000000000000e+00
9.794591153063813005e-01 3.098373353989155449e-03 9.679060620083727029e-01 6.666666666666666297e-01 9.917374103684166720e-01 1.552795031055900516e-03 2.821033626720830518e-05 1.552795031055900516e-03
9.794591153063813005e-01 3.098373353989155449e-03 9.679060620083727029e-01 6.666666666666666297e-01 9.917374103684166720e-01 1.552795031055900516e-03 2.821033626720830518e-05 1.552795031055900516e-03
9.794690237724056336e-01 4.643962848297214334e-03 9.679252882850509776e-01 7.500000000000000000e-01 9.917374103684166720e-01 2.329192546583850991e-03 2.821033626720830518e-05 2.329192546583850991e-03
9.794685499748895241e-01 6.182380216383307446e-03 9.679437564549747686e-01 6.666666666666666297e-01 9.917168054067420080e-01 3.105590062111801032e-03 5.642067253441661036e-05 3.105590062111801032e-03
9.794883682701612804e-01 9.259259259259258745e-03 9.679822152807128210e-01 7.500000000000000000e-01 9.917168054067420080e-01 4.658385093167701982e-03 5.642067253441661036e-05 4.658385093167701982e-03
9.795176252977554343e-01 1.537279016141429588e-02 9.680583893964055386e-01 7.692307692307692735e-01 9.916962004450672330e-01 7.763975155279503014e-03 8.463100880162491215e-05 7.763975155279503014e-03
9.794963856024129223e-01 1.685823754789272239e-02 9.680753578730846298e-01 6.470588235294117974e-01 9.916343855600429080e-01 8.540372670807453923e-03 1.692620176032498243e-04 8.540372670807453923e-03
9.794548477621266569e-01 1.680672268907563299e-02 9.680723343180718254e-01 5.238095238095238360e-01 9.915519657133438081e-01 8.540372670807453923e-03 2.821033626720830315e-04 8.540372670807453923e-03
9.793904351687552357e-01 2.267573696145124690e-02 9.681430236829876579e-01 4.285714285714285476e-01 9.913459160965960582e-01 1.164596273291925409e-02 5.077860528097495000e-04 1.164596273291925409e-02
9.785883010368024992e-01 2.421652421652421491e-02 9.681299478314593365e-01 1.465517241379310220e-01 9.897181241242891669e-01 1.319875776397515590e-02 2.143985556307831126e-03 1.319875776397515590e-02
9.642115157848508700e-01 1.357142857142857109e-02 9.676047526935268595e-01 1.256613756613756544e-02 9.614275117448283225e-01 1.475155279503105599e-02 2.685624012638230737e-02 1.475155279503105599e-02
9.303235885535563465e-01 7.489361702127658900e-03 9.652786174115381979e-01 4.796163069544364180e-03 8.983763290200279528e-01 1.708074534161490785e-02 9.165538253215978204e-02 1.708074534161490785e-02
6.995852912119728817e-01 6.007278758004330060e-02 9.725522049480122000e-01 3.193104461530926752e-02 5.861699497238934686e-01 5.062111801242236142e-01 3.099187542315504640e-01 5.062111801242236142e-01
1.674214395285426871e-01 5.435251488223622612e-02 9.782082389940642830e-01 2.795279084213328491e-02 9.488584851232177708e-02 9.782608695652174058e-01 8.794572331302189516e-01 9.782608695652174058e-01
4.918391563971166031e-02 5.102695763799743045e-02 8.810196829276718544e-01 2.619008400592983191e-02 2.544712766834253750e-02 9.875776397515527716e-01 9.660911758068155830e-01 9.875776397515527716e-01
4.355228454374359369e-03 5.050782322261872931e-02 7.304046814472925364e-01 2.590819487468318943e-02 2.184125937525756116e-03 1.000000000000000000e+00 9.970097043556759298e-01 1.000000000000000000e+00
0.000000000000000000e+00 5.040306801283556126e-02 0.000000000000000000e+00 2.585307105580088305e-02 0.000000000000000000e+00 1.000000000000000000e+00 1.000000000000000000e+00 1.000000000000000000e+00
0.000000000000000000e+00 5.040306801283556126e-02 0.000000000000000000e+00 2.585307105580088305e-02 0.000000000000000000e+00 1.000000000000000000e+00 1.000000000000000000e+00 1.000000000000000000e+00
0.000000000000000000e+00 5.040306801283556126e-02 0.000000000000000000e+00 2.585307105580088305e-02 0.000000000000000000e+00 1.000000000000000000e+00 1.000000000000000000e+00 1.000000000000000000e+00
0.000000000000000000e+00 5.040306801283556126e-02 0.000000000000000000e+00 2.585307105580088305e-02 0.000000000000000000e+00 1.000000000000000000e+00 1.000000000000000000e+00 1.000000000000000000e+00
0.000000000000000000e+00 5.040306801283556126e-02 0.000000000000000000e+00 2.585307105580088305e-02 0.000000000000000000e+00 1.000000000000000000e+00 1.000000000000000000e+00 1.000000000000000000e+00
0.000000000000000000e+00 5.040306801283556126e-02 0.000000000000000000e+00 2.585307105580088305e-02 0.000000000000000000e+00 1.000000000000000000e+00 1.000000000000000000e+00 1.000000000000000000e+00
0.000000000000000000e+00 5.040306801283556126e-02 0.000000000000000000e+00 2.585307105580088305e-02 0.000000000000000000e+00 1.000000000000000000e+00 1.000000000000000000e+00 1.000000000000000000e+00
0.000000000000000000e+00 5.040306801283556126e-02 0.000000000000000000e+00 2.585307105580088305e-02 0.000000000000000000e+00 1.000000000000000000e+00 1.000000000000000000e+00 1.000000000000000000e+00
0.000000000000000000e+00 5.040306801283556126e-02 0.000000000000000000e+00 2.585307105580088305e-02 0.000000000000000000e+00 1.000000000000000000e+00 1.000000000000000000e+00 1.000000000000000000e+00
0.000000000000000000e+00 5.040306801283556126e-02 0.000000000000000000e+00 2.585307105580088305e-02 0.000000000000000000e+00 1.000000000000000000e+00 1.000000000000000000e+00 1.000000000000000000e+00
0.000000000000000000e+00 5.040306801283556126e-02 0.000000000000000000e+00 2.585307105580088305e-02 0.000000000000000000e+00 1.000000000000000000e+00 1.000000000000000000e+00 1.000000000000000000e+00
0.000000000000000000e+00 5.040306801283556126e-02 0.000000000000000000e+00 2.585307105580088305e-02 0.000000000000000000e+00 1.000000000000000000e+00 1.000000000000000000e+00 1.000000000000000000e+00
0.000000000000000000e+00 5.040306801283556126e-02 0.000000000000000000e+00 2.585307105580088305e-02 0.000000000000000000e+00 1.000000000000000000e+00 1.000000000000000000e+00 1.000000000000000000e+00
0.000000000000000000e+00 5.040306801283556126e-02 0.000000000000000000e+00 2.585307105580088305e-02 0.000000000000000000e+00 1.000000000000000000e+00 1.000000000000000000e+00 1.000000000000000000e+00
0.000000000000000000e+00 5.040306801283556126e-02 0.000000000000000000e+00 2.585307105580088305e-02 0.000000000000000000e+00 1.000000000000000000e+00 1.000000000000000000e+00 1.000000000000000000e+00
0.000000000000000000e+00 5.040306801283556126e-02 0.000000000000000000e+00 2.585307105580088305e-02 0.000000000000000000e+00 1.000000000000000000e+00 1.000000000000000000e+00 1.000000000000000000e+00
0.000000000000000000e+00 5.040306801283556126e-02 0.000000000000000000e+00 2.585307105580088305e-02 0.000000000000000000e+00 1.000000000000000000e+00 1.000000000000000000e+00 1.000000000000000000e+00
0.000000000000000000e+00 5.040306801283556126e-02 0.000000000000000000e+00 2.585307105580088305e-02 0.000000000000000000e+00 1.000000000000000000e+00 1.000000000000000000e+00 1.000000000000000000e+00
0.000000000000000000e+00 5.040306801283556126e-02 0.000000000000000000e+00 2.585307105580088305e-02 0.000000000000000000e+00 1.000000000000000000e+00 1.000000000000000000e+00 1.000000000000000000e+00
0.000000000000000000e+00 5.040306801283556126e-02 0.000000000000000000e+00 2.585307105580088305e-02 0.000000000000000000e+00 1.000000000000000000e+00 1.000000000000000000e+00 1.000000000000000000e+00
0.000000000000000000e+00 5.040306801283556126e-02 0.000000000000000000e+00 2.585307105580088305e-02 0.000000000000000000e+00 1.000000000000000000e+00 1.000000000000000000e+00 1.000000000000000000e+00
0.000000000000000000e+00 5.040306801283556126e-02 0.000000000000000000e+00 2.585307105580088305e-02 0.000000000000000000e+00 1.000000000000000000e+00 1.000000000000000000e+00 1.000000000000000000e+00
0.000000000000000000e+00 5.040306801283556126e-02 0.000000000000000000e+00 2.585307105580088305e-02 0.000000000000000000e+00 1.000000000000000000e+00 1.000000000000000000e+00 1.000000000000000000e+00
0.000000000000000000e+00 5.040306801283556126e-02 0.000000000000000000e+00 2.585307105580088305e-02 0.000000000000000000e+00 1.000000000000000000e+00 1.000000000000000000e+00 1.000000000000000000e+00
0.000000000000000000e+00 5.040306801283556126e-02 0.000000000000000000e+00 2.585307105580088305e-02 0.000000000000000000e+00 1.000000000000000000e+00 1.000000000000000000e+00 1.000000000000000000e+00
0.000000000000000000e+00 5.040306801283556126e-02 0.000000000000000000e+00 2.585307105580088305e-02 0.000000000000000000e+00 1.000000000000000000e+00 1.000000000000000000e+00 1.000000000000000000e+00
0.000000000000000000e+00 5.040306801283556126e-02 0.000000000000000000e+00 2.585307105580088305e-02 0.000000000000000000e+00 1.000000000000000000e+00 1.000000000000000000e+00 1.000000000000000000e+00
0.000000000000000000e+00 5.040306801283556126e-02 0.000000000000000000e+00 2.585307105580088305e-02 0.000000000000000000e+00 1.000000000000000000e+00 1.000000000000000000e+00 1.000000000000000000e+00
0.000000000000000000e+00 5.040306801283556126e-02 0.000000000000000000e+00 2.585307105580088305e-02 0.000000000000000000e+00 1.000000000000000000e+00 1.000000000000000000e+00 1.000000000000000000e+00
0.000000000000000000e+00 5.040306801283556126e-02 0.000000000000000000e+00 2.585307105580088305e-02 0.000000000000000000e+00 1.000000000000000000e+00 1.000000000000000000e+00 1.000000000000000000e+00
0.000000000000000000e+00 5.040306801283556126e-02 0.000000000000000000e+00 2.585307105580088305e-02 0.000000000000000000e+00 1.000000000000000000e+00 1.000000000000000000e+00 1.000000000000000000e+00
0.000000000000000000e+00 5.040306801283556126e-02 0.000000000000000000e+00 2.585307105580088305e-02 0.000000000000000000e+00 1.000000000000000000e+00 1.000000000000000000e+00 1.000000000000000000e+00
0.000000000000000000e+00 5.040306801283556126e-02 0.000000000000000000e+00 2.585307105580088305e-02 0.000000000000000000e+00 1.000000000000000000e+00 1.000000000000000000e+00 1.000000000000000000e+00
0.000000000000000000e+00 5.040306801283556126e-02 0.000000000000000000e+00 2.585307105580088305e-02 0.000000000000000000e+00 1.000000000000000000e+00 1.000000000000000000e+00 1.000000000000000000e+00
0.000000000000000000e+00 5.040306801283556126e-02 0.000000000000000000e+00 2.585307105580088305e-02 0.000000000000000000e+00 1.000000000000000000e+00 1.000000000000000000e+00 1.000000000000000000e+00
0.000000000000000000e+00 5.040306801283556126e-02 0.000000000000000000e+00 2.585307105580088305e-02 0.000000000000000000e+00 1.000000000000000000e+00 1.000000000000000000e+00 1.000000000000000000e+00
0.000000000000000000e+00 5.040306801283556126e-02 0.000000000000000000e+00 2.585307105580088305e-02 0.000000000000000000e+00 1.000000000000000000e+00 1.000000000000000000e+00 1.000000000000000000e+00
0.000000000000000000e+00 5.040306801283556126e-02 0.000000000000000000e+00 2.585307105580088305e-02 0.000000000000000000e+00 1.000000000000000000e+00 1.000000000000000000e+00 1.000000000000000000e+00
0.000000000000000000e+00 5.040306801283556126e-02 0.000000000000000000e+00 2.585307105580088305e-02 0.000000000000000000e+00 1.000000000000000000e+00 1.000000000000000000e+00 1.000000000000000000e+00
0.000000000000000000e+00 5.040306801283556126e-02 0.000000000000000000e+00 2.585307105580088305e-02 0.000000000000000000e+00 1.000000000000000000e+00 1.000000000000000000e+00 1.000000000000000000e+00
0.000000000000000000e+00 5.040306801283556126e-02 0.000000000000000000e+00 2.585307105580088305e-02 0.000000000000000000e+00 1.000000000000000000e+00 1.000000000000000000e+00 1.000000000000000000e+00
0.000000000000000000e+00 5.040306801283556126e-02 0.000000000000000000e+00 2.585307105580088305e-02 0.000000000000000000e+00 1.000000000000000000e+00 1.000000000000000000e+00 1.000000000000000000e+00
0.000000000000000000e+00 5.040306801283556126e-02 0.000000000000000000e+00 2.585307105580088305e-02 0.000000000000000000e+00 1.000000000000000000e+00 1.000000000000000000e+00 1.000000000000000000e+00
0.000000000000000000e+00 5.040306801283556126e-02 0.000000000000000000e+00 2.585307105580088305e-02 0.000000000000000000e+00 1.000000000000000000e+00 1.000000000000000000e+00 1.000000000000000000e+00
0.000000000000000000e+00 5.040306801283556126e-02 0.000000000000000000e+00 2.585307105580088305e-02 0.000000000000000000e+00 1.000000000000000000e+00 1.000000000000000000e+00 1.000000000000000000e+00
0.000000000000000000e+00 5.040306801283556126e-02 0.000000000000000000e+00 2.585307105580088305e-02 0.000000000000000000e+00 1.000000000000000000e+00 1.000000000000000000e+00 1.000000000000000000e+00
0.000000000000000000e+00 5.040306801283556126e-02 0.000000000000000000e+00 2.585307105580088305e-02 0.000000000000000000e+00 1.000000000000000000e+00 1.000000000000000000e+00 1.000000000000000000e+00
0.000000000000000000e+00 5.040306801283556126e-02 0.000000000000000000e+00 2.585307105580088305e-02 0.000000000000000000e+00 1.000000000000000000e+00 1.000000000000000000e+00 1.000000000000000000e+00
0.000000000000000000e+00 5.040306801283556126e-02 0.000000000000000000e+00 2.585307105580088305e-02 0.000000000000000000e+00 1.000000000000000000e+00 1.000000000000000000e+00 1.000000000000000000e+00
0.000000000000000000e+00 5.040306801283556126e-02 0.000000000000000000e+00 2.585307105580088305e-02 0.000000000000000000e+00 1.000000000000000000e+00 1.000000000000000000e+00 1.000000000000000000e+00
0.000000000000000000e+00 5.040306801283556126e-02 0.000000000000000000e+00 2.585307105580088305e-02 0.000000000000000000e+00 1.000000000000000000e+00 1.000000000000000000e+00 1.000000000000000000e+00
0.000000000000000000e+00 5.040306801283556126e-02 0.000000000000000000e+00 2.585307105580088305e-02 0.000000000000000000e+00 1.000000000000000000e+00 1.000000000000000000e+00 1.000000000000000000e+00
0.000000000000000000e+00 5.040306801283556126e-02 0.000000000000000000e+00 2.585307105580088305e-02 0.000000000000000000e+00 1.000000000000000000e+00 1.000000000000000000e+00 1.000000000000000000e+00
0.000000000000000000e+00 5.040306801283556126e-02 0.000000000000000000e+00 2.585307105580088305e-02 0.000000000000000000e+00 1.000000000000000000e+00 1.000000000000000000e+00 1.000000000000000000e+00
0.000000000000000000e+00 5.040306801283556126e-02 0.000000000000000000e+00 2.585307105580088305e-02 0.000000000000000000e+00 1.000000000000000000e+00 1.000000000000000000e+00 1.000000000000000000e+00
0.000000000000000000e+00 5.040306801283556126e-02 0.000000000000000000e+00 2.585307105580088305e-02 0.000000000000000000e+00 1.000000000000000000e+00 1.000000000000000000e+00 1.000000000000000000e+00
0.000000000000000000e+00 5.040306801283556126e-02 0.000000000000000000e+00 2.585307105580088305e-02 0.000000000000000000e+00 1.000000000000000000e+00 1.000000000000000000e+00 1.000000000000000000e+00
0.000000000000000000e+00 5.040306801283556126e-02 0.000000000000000000e+00 2.585307105580088305e-02 0.000000000000000000e+00 1.000000000000000000e+00 1.000000000000000000e+00 1.000000000000000000e+00
0.000000000000000000e+00 5.040306801283556126e-02 0.000000000000000000e+00 2.585307105580088305e-02 0.000000000000000000e+00 1.000000000000000000e+00 1.000000000000000000e+00 1.000000000000000000e+00
0.000000000000000000e+00 5.040306801283556126e-02 0.000000000000000000e+00 2.585307105580088305e-02 0.000000000000000000e+00 1.000000000000000000e+00 1.000000000000000000e+00 1.000000000000000000e+00
0.000000000000000000e+00 5.040306801283556126e-02 0.000000000000000000e+00 2.585307105580088305e-02 0.000000000000000000e+00 1.000000000000000000e+00 1.000000000000000000e+00 1.000000000000000000e+00
0.000000000000000000e+00 5.040306801283556126e-02 0.000000000000000000e+00 2.585307105580088305e-02 0.000000000000000000e+00 1.000000000000000000e+00 1.000000000000000000e+00 1.000000000000000000e+00
0.000000000000000000e+00 5.040306801283556126e-02 0.000000000000000000e+00 2.585307105580088305e-02 0.000000000000000000e+00 1.000000000000000000e+00 1.000000000000000000e+00 1.000000000000000000e+00
