8.911502430127531404e-01 1.581252737625930826e-01 8.217594927043707642e-01 9.917582417582417875e-01 9.895757926740987864e-01 8.591147072822465092e-02 3.103136989392913671e-04 8.591147072822465092e-02
8.919360166697508641e-01 1.686353491916607328e-01 8.230601146415785774e-01 9.910428662827894808e-01 9.895344267720117548e-01 9.215849595430747332e-02 3.667343714737079843e-04 9.215849595430747332e-02
8.925477796224626781e-01 1.767638452368049951e-01 8.240578363393527006e-01 9.908869987849331373e-01 9.895137438209683500e-01 9.703712517848643582e-02 3.949447077409162657e-04 9.703712517848643582e-02
8.925439536761515802e-01 1.772289026107680687e-01 8.240839750371840022e-01 9.891172914147521311e-01 9.894516949678381357e-01 9.733460257020466744e-02 4.795757165425411643e-04 9.733460257020466744e-02
8.927923204204503138e-01 1.811500216169476818e-01 8.244788384751619015e-01 9.882075471698112956e-01 9.894103290657511041e-01 9.971442170395050653e-02 5.359963890769577815e-04 9.971442170395050653e-02
8.930800595892476323e-01 1.851512373968836056e-01 8.249672928744260503e-01 9.873490511788384216e-01 9.893689631636642945e-01 1.021537363160399808e-01 5.924170616113744528e-04 1.021537363160399808e-01
8.933285991612255339e-01 1.893185607486688737e-01 8.253646285954753248e-01 9.859943977591036912e-01 9.893069143105338581e-01 1.047120418848167533e-01 6.770480704129992972e-04 1.047120418848167533e-01
8.934266865605603458e-01 1.908753828792519869e-01 8.254998639047291809e-01 9.861188228761799124e-01 9.893069143105338581e-01 1.056639695383150834e-01 6.770480704129992972e-04 1.056639695383150834e-01
8.935868537074480589e-01 1.928176499006925004e-01 8.257654542049893687e-01 9.862712795167490887e-01 9.893069143105338581e-01 1.068538791051880099e-01 6.770480704129992972e-04 1.068538791051880099e-01
8.936749670230014209e-01 1.945308310991957224e-01 8.259328456724887024e-01 9.847991313789359324e-01 9.892448654574034217e-01 1.079247977153736382e-01 7.616790792146242500e-04 1.079247977153736382e-01
8.937433202082213368e-01 1.956603268148942032e-01 8.260933892729790395e-01 9.833064081852450622e-01 9.891828166042732073e-01 1.086387434554973858e-01 8.463100880162492028e-04 1.086387434554973858e-01
8.947605078957090452e-01 2.072378924960085189e-01 8.279251634267007498e-01 9.823410696266398068e-01 9.891000848000993662e-01 1.158376963350785382e-01 9.309410968178740472e-04 1.158376963350785382e-01
8.949113890795090676e-01 2.088584037858244313e-01 8.281892873898794027e-01 9.824912456228114266e-01 9.891000848000993662e-01 1.168491194669205174e-01 9.309410968178740472e-04 1.168491194669205174e-01
8.949320009583590085e-01 2.094802848336698720e-01 8.282882050050840439e-01 9.805970149253731005e-01 9.890173529959255250e-01 1.172655878153260334e-01 1.043782441886707390e-03 1.172655878153260334e-01
8.949733894277509538e-01 2.101237584320390928e-01 8.283921245939834810e-01 9.796929172857850032e-01 9.889759870938387154e-01 1.176820561637315632e-01 1.100203114421123953e-03 1.176820561637315632e-01
8.954577245123614970e-01 2.155866158407454269e-01 8.292907403562911339e-01 9.788461538461538103e-01 9.889139382407081680e-01 1.211327939076630167e-01 1.156623786955540516e-03 1.211327939076630167e-01
8.956593727282530226e-01 2.179222839016653201e-01 8.296761090118808246e-01 9.781680113906027207e-01 9.888725723386213584e-01 1.226201808662541609e-01 1.213044459489957079e-03 1.226201808662541609e-01
8.956993926674691187e-01 2.192301599873277274e-01 8.298885171087587720e-01 9.741905208822149165e-01 9.886864257792302713e-01 1.235126130414088558e-01 1.466937485894831937e-03 1.235126130414088558e-01
8.957409386050442235e-01 2.198648933924424453e-01 8.299930995123684374e-01 9.733644859813084249e-01 9.886450598771432396e-01 1.239290813898143717e-01 1.523358158429248500e-03 1.239290813898143717e-01
8.957795231575734762e-01 2.206634671167132522e-01 8.301241459823970326e-01 9.716674407803065350e-01 9.885623280729693985e-01 1.244645406949071859e-01 1.636199503498081626e-03 1.244645406949071859e-01
8.957765437412158471e-01 2.214142691537570040e-01 8.302455274315924116e-01 9.682027649769585631e-01 9.883968644646217161e-01 1.250000000000000000e-01 1.861882193635748094e-03 1.250000000000000000e-01
8.957253109060523411e-01 2.219414613602864184e-01 8.303257181933948461e-01 9.634369287020109196e-01 9.881693520031438194e-01 1.254164683484055298e-01 2.143985556307831126e-03 1.254164683484055298e-01
8.956346700442142650e-01 2.221520984537708743e-01 8.303724045205905790e-01 9.573889392565729795e-01 9.879004736395788910e-01 1.256544502617800985e-01 2.510719927781539327e-03 1.256544502617800985e-01
8.955647957183847652e-01 2.223857067787703978e-01 8.304240047363775634e-01 9.522952295229523134e-01 9.876729611781008833e-01 1.258924321751546949e-01 2.821033626720830315e-03 1.258924321751546949e-01
8.954933973088743393e-01 2.227005459890802341e-01 8.304889016147287695e-01 9.468750000000000222e-01 9.874247657655794708e-01 1.261899095668729265e-01 3.159557661927330126e-03 1.261899095668729265e-01
8.952532426639588925e-01 2.228858849418421939e-01 8.305436453211498815e-01 9.337137840210710804e-01 9.868042772342756619e-01 1.265468824369347933e-01 3.921236741141954051e-03 1.265468824369347933e-01
8.951758741882224202e-01 2.230249725145280471e-01 8.305743891170602744e-01 9.289140863497601375e-01 9.865767647727977652e-01 1.267253688719657267e-01 4.175129767546829559e-03 1.267253688719657267e-01
8.951430089848299021e-01 2.236518646372718244e-01 8.306757802929211065e-01 9.251406317611423624e-01 9.863699352623632732e-01 1.272013326987148918e-01 4.457233130218912591e-03 1.272013326987148918e-01
8.950219527559807320e-01 2.236855858680882048e-01 8.306667294693236281e-01 9.200343938091143370e-01 9.861010568987983449e-01 1.273203236554021900e-01 4.823967501692619925e-03 1.273203236554021900e-01
8.948895289257443597e-01 2.239624119028973959e-01 8.306798584369941008e-01 9.139326800170430865e-01 9.857701296821029802e-01 1.276178010471204216e-01 5.275332881967953295e-03 1.276178010471204216e-01
8.947046404766137995e-01 2.241801783014441551e-01 8.306613500493690294e-01 9.060261272650653730e-01 9.853357877101904805e-01 1.279152784388386532e-01 5.754908598510494189e-03 1.279152784388386532e-01
8.945580969279074424e-01 2.244440972764672193e-01 8.306461795692209327e-01 8.997912317327766418e-01 9.849841775424518220e-01 1.282127558305568849e-01 6.093432633716994000e-03 1.282127558305568849e-01
8.942987218771389912e-01 2.242329693187727901e-01 8.305878442114613680e-01 8.901734104046242768e-01 9.844464208153219653e-01 1.282722513089005201e-01 6.714060031595576843e-03 1.282722513089005201e-01
8.939376291164428112e-01 2.239867144117494435e-01 8.304828767796406108e-01 8.768793173506704841e-01 9.836811516267141009e-01 1.283912422655878183e-01 7.362897765741367208e-03 1.283912422655878183e-01
8.935786244978231041e-01 2.280909888069324876e-01 8.306614728172099227e-01 8.573090345094998010e-01 9.823367598088894592e-01 1.315445026178010401e-01 8.547731888964116981e-03 1.315445026178010401e-01
8.932455425292532558e-01 2.777421107215171103e-01 8.330928275663449512e-01 8.172043010752688685e-01 9.773521686074170267e-01 1.673012851023322201e-01 1.179192055969307228e-02 1.673012851023322201e-01
8.713042313846619535e-01 5.296046432744129229e-01 8.211763592764638187e-01 7.224678663239074705e-01 9.399367101698070659e-01 4.180152308424559537e-01 2.530467163168585026e-02 4.180152308424559537e-01
8.690385618988099026e-01 5.291503267973856062e-01 8.159750261368587942e-01 7.107454600180596049e-01 9.365860721007673861e-01 4.214659685863874072e-01 2.761791920559692956e-02 4.214659685863874072e-01
8.259408438110623640e-01 4.809905707862152102e-01 8.160677228822287299e-01 5.516047102285845938e-01 8.757368301309230718e-01 4.264040932889100466e-01 3.162378695554050878e-02 4.264040932889100466e-01
7.820753857233707640e-01 4.600833098437157598e-01 8.148504909513225591e-01 4.857482970702995950e-01 8.354257585472295577e-01 4.369942884340790035e-01 3.416271721958925867e-02 4.369942884340790035e-01
7.466105072652987618e-01 4.505504030510530944e-01 7.079305269053356442e-01 4.379598943998202487e-01 7.897991685453680244e-01 4.638862446454069532e-01 3.881742270367862652e-02 4.638862446454069532e-01
7.458820637441373469e-01 4.885420126203919300e-01 7.156815559917674152e-01 4.567377354584972182e-01 7.796231566319882234e-01 5.251070918610185601e-01 4.302076280749266707e-02 5.251070918610185601e-01
7.471702296978985913e-01 5.499688990255028331e-01 7.417275419578195361e-01 4.872336517266715461e-01 7.658276282860038142e-01 6.312470252260827808e-01 4.606747912435116277e-02 6.312470252260827808e-01
7.458523687244361655e-01 5.719154908398286219e-01 7.647131641639323130e-01 4.940891179145195378e-01 7.551759084986245929e-01 6.788434079009995070e-01 5.365605958023019623e-02 6.788434079009995070e-01
7.249885997971992069e-01 5.652500302700084189e-01 7.755760314716917403e-01 4.766202474782537668e-01 7.317421249663901284e-01 6.943717277486910477e-01 5.924170616113744181e-02 6.943717277486910477e-01
7.090015166880250241e-01 5.540008537684391055e-01 7.748661668593411767e-01 4.606041485921602563e-01 7.139134211669321273e-01 6.949071870537839590e-01 7.114646806589934591e-02 6.949071870537839590e-01
7.008623843491099681e-01 5.478250674170477286e-01 7.740484992111944518e-01 4.521035723961760455e-01 7.040269705681606593e-01 6.949666825321275665e-01 7.983525163619950571e-02 6.949666825321275665e-01
6.824881848122823502e-01 5.381479860903207735e-01 7.734606353671746870e-01 4.390005635919594362e-01 6.879976835094832044e-01 6.951451689671584999e-01 8.733920108327691834e-02 6.951451689671584999e-01
6.631236702829600427e-01 5.297866570240463702e-01 7.732062524819582894e-01 4.271501457725947470e-01 6.716995180872407101e-01 6.973465016658734195e-01 9.633829835251636609e-02 6.973465016658734195e-01
6.479050335803924199e-01 5.345769779435969316e-01 7.797400841422275075e-01 4.235142747852696510e-01 6.539535460919563281e-01 7.245954307472631806e-01 1.105563078311893460e-01 7.245954307472631806e-01
6.419879084922063273e-01 5.307307350679173474e-01 7.796404403673753425e-01 4.173282000613267040e-01 6.431363626962295355e-01 7.287601142313183678e-01 1.248025276461295352e-01 7.287601142313183678e-01
6.358761086167983301e-01 5.276433557449359268e-01 7.797670409400305758e-01 4.121562855422492566e-01 6.333946927547623451e-01 7.330437886720608809e-01 1.368765515684947087e-01 7.330437886720608809e-01
6.258142710508510786e-01 5.194335136045117318e-01 6.349351270509535627e-01 4.018493797414775526e-01 6.169517466752155732e-01 7.342931937172775259e-01 1.585138794854434596e-01 7.342931937172775259e-01
6.198213165665960034e-01 5.141500593490347937e-01 6.335529224485804134e-01 3.955082818056578908e-01 6.066723200066185262e-01 7.344716801523084593e-01 1.725344166102459886e-01 7.344716801523084593e-01
6.156165680575255150e-01 5.107139167269346691e-01 6.328362271997959310e-01 3.912369012568461812e-01 5.993091894351486593e-01 7.352451213707758004e-01 1.825772963213721511e-01 7.352451213707758004e-01
6.116505453697108630e-01 5.075398535114175047e-01 6.321223550991570406e-01 3.873422478313969797e-01 5.924631326397650222e-01 7.358995716325559266e-01 1.919149176258181100e-01 7.358995716325559266e-01
6.079537299604445000e-01 5.045364650233448156e-01 6.313166763241349067e-01 3.837898197834920255e-01 5.862582473267285987e-01 7.361375535459304675e-01 2.003780185059805818e-01 7.361375535459304675e-01
6.031059756502514801e-01 5.009904992925003908e-01 6.305097600185418649e-01 3.794011389382156429e-01 5.779850669093465898e-01 7.372679676344597866e-01 2.116621530128639239e-01 7.372679676344597866e-01
5.964877842253236695e-01 4.998110843756836119e-01 6.319818013117791677e-01 3.753696346963768526e-01 5.647686611925789579e-01 7.476796763445978655e-01 2.296885578876100287e-01 7.476796763445978655e-01
5.826940463903108602e-01 4.911080445472391642e-01 6.298037734809870392e-01 3.646912796235891596e-01 5.421415127510392784e-01 7.516658733936221193e-01 2.605506657639359291e-01 7.516658733936221193e-01
5.756010421559210055e-01 4.858911271720743885e-01 6.285357293599664885e-01 3.588993639254884349e-01 5.308899873833998750e-01 7.519633507853402676e-01 2.758970886932972100e-01 7.519633507853402676e-01
5.670298089413131626e-01 4.802780257135803588e-01 6.264259299133970726e-01 3.527295043097436467e-01 5.179217770791536557e-01 7.523203236554021345e-01 2.935849695328368592e-01 7.523203236554021345e-01
5.606151469576472479e-01 4.779718309859155023e-01 6.263407569953599596e-01 3.492124471763349836e-01 5.073734720469916804e-01 7.571394574012375589e-01 3.079722410291130807e-01 7.571394574012375589e-01
5.514419579161917717e-01 4.728654862334291664e-01 6.244101427863721909e-01 3.434697120693834815e-01 4.937434073093548981e-01 7.586863398381723522e-01 3.265628526292033151e-01 7.586863398381723522e-01
5.383290018665499721e-01 4.657144939153247121e-01 6.215947166124656809e-01 3.356265098203969899e-01 4.747357753004198822e-01 7.604712041884816864e-01 3.524881516587677899e-01 7.604712041884816864e-01
4.979015336127673441e-01 4.445990123113305326e-01 6.097802545502887250e-01 3.141031941031940944e-01 4.207119071749157446e-01 7.605901951451690124e-01 4.261735499887158718e-01 7.605901951451690124e-01
2.898237192720203859e-01 3.754276233684241681e-01 5.156419116262880298e-01 2.492154149041929112e-01 2.015553579184678201e-01 7.606496906235126199e-01 7.250902730760551140e-01 7.606496906235126199e-01
2.021332020375396776e-01 3.584481579204534252e-01 4.477483189318096080e-01 2.341717892125567690e-01 1.305301040352437603e-01 7.638029509757258140e-01 8.219645678176483727e-01 7.638029509757258140e-01
1.757111977145135173e-01 3.568943945664278528e-01 4.251936911765850091e-01 2.320786767992847610e-01 1.107365198866574335e-01 7.721918134221799068e-01 8.489618596253667437e-01 7.721918134221799068e-01
1.558628800879621468e-01 3.540367597004764888e-01 4.023605283210264782e-01 2.295469792733307313e-01 9.665143022606464962e-02 7.735602094240837667e-01 8.681730986233355818e-01 7.735602094240837667e-01
1.338900190901056442e-01 3.515020881045399226e-01 3.737409627904351161e-01 2.271951516840235441e-01 8.155287596434258879e-02 7.761780104712041606e-01 8.887666440983976734e-01 7.761780104712041606e-01
1.173443428997910376e-01 3.519502362709239773e-01 3.536390036092908473e-01 2.268784634977454862e-01 7.034271649879005051e-02 7.843288910042837125e-01 9.040566463552245358e-01 7.843288910042837125e-01
9.938368571098753212e-02 3.509496393355833743e-01 3.244931604126768399e-01 2.256796091715321528e-01 5.867753211028149674e-02 7.887910518800571591e-01 9.199672760099300017e-01 7.887910518800571591e-01
8.492678642909810838e-02 3.525504712399254448e-01 3.027508500136731340e-01 2.261764408663724801e-01 4.939088709177025249e-02 7.989647786768205862e-01 9.326337169939065141e-01 7.989647786768205862e-01
7.635834704259265859e-02 3.531994407348849063e-01 2.871444684040984630e-01 2.263023057216054790e-01 4.403400277151543751e-02 8.040813898143741589e-01 9.399401940871134897e-01 8.040813898143741589e-01
6.810533846209966546e-02 3.587695180785391846e-01 2.825803651137457906e-01 2.293864013266998236e-01 3.871848435334753619e-02 8.229414564493098272e-01 9.471902505077860468e-01 8.229414564493098272e-01
6.012413886079512326e-02 3.606447366723018466e-01 2.681407640614816845e-01 2.302697714276297491e-01 3.385799085813563647e-02 8.313303188957639200e-01 9.538196795305800002e-01 8.313303188957639200e-01
5.370057429660730908e-02 3.671288346702888394e-01 2.692207935993013446e-01 2.339539441450269597e-01 2.982481540466193695e-02 8.522727272727272929e-01 9.593206951026855833e-01 8.522727272727272929e-01
4.808902853905540342e-02 3.725622571810712769e-01 2.703826477453132315e-01 2.370293531290014188e-01 2.639144553144842642e-02 8.700618752974773606e-01 9.640036109230422090e-01 8.700618752974773606e-01
4.356936655932248936e-02 3.802595956784656783e-01 2.863353694384251358e-01 2.414762685176258805e-01 2.357856418953856170e-02 8.941575440266539276e-01 9.678402166553825570e-01 8.941575440266539276e-01
3.721352155504242809e-02 3.967140253189841981e-01 3.718860623530820253e-01 2.510349186285353307e-01 1.958675463815177237e-02 9.452641599238458259e-01 9.732848115549537216e-01 9.452641599238458259e-01
3.012419880128459210e-02 4.069159132789987310e-01 4.969405286009745959e-01 2.568502240472138598e-01 1.553289623363461429e-02 9.787601142313183678e-01 9.788140374633265139e-01 9.787601142313183678e-01
2.352155353500039528e-02 4.081300612589515153e-01 5.116360943386596416e-01 2.573884924521555040e-01 1.203747750729074022e-02 9.850071394574012595e-01 9.835815842924847674e-01 9.850071394574012595e-01
1.811096565330497579e-02 4.081522207052630247e-01 4.939478623420262005e-01 2.572602527327699784e-01 9.224596165380877233e-03 9.871489766777724606e-01 9.874181900248251154e-01 9.871489766777724606e-01
1.298186592338915549e-02 4.087417478587381248e-01 4.950059894927973381e-01 2.574745694586154654e-01 6.577178431818650646e-03 9.908971918134221735e-01 9.910291130670277893e-01 9.908971918134221735e-01
9.303710172991823749e-03 4.092802195110000762e-01 5.058644967463957753e-01 2.576972912938853555e-01 4.695029886864258116e-03 9.939314612089481527e-01 9.935962536673437207e-01 9.939314612089481527e-01
5.188829461742745439e-03 4.101166173630295120e-01 5.810020460511758911e-01 2.580848641496661378e-01 2.606051831475315102e-03 9.980366492146597324e-01 9.964454976303317446e-01 9.980366492146597324e-01
2.477062611369070314e-03 4.102326149337566785e-01 6.284307845043330953e-01 2.580853319403260127e-01 1.240977062607292710e-03 9.994050452165635923e-01 9.983073798239675556e-01 9.994050452165635923e-01
1.570132520646909608e-03 4.102776930119010346e-01 6.965107861589691085e-01 2.580892854400540504e-01 7.859521396512854623e-04 9.998810090433126740e-01 9.989280072218460482e-01 9.998810090433126740e-01
1.115997841463890619e-03 4.102420152068051995e-01 7.069846325673747600e-01 2.580570867048472827e-01 5.584396781732817302e-04 9.999405045216563925e-01 9.992383209207853501e-01 9.999405045216563925e-01
6.615558299917786251e-04 4.102063478504924254e-01 7.331692485883886112e-01 2.580248998326706844e-01 3.309272166952781065e-04 1.000000000000000000e+00 9.995486346197246519e-01 1.000000000000000000e+00
3.308525490019804016e-04 4.101663067218175307e-01 7.331692485883886112e-01 2.579932155520422432e-01 1.654636083476390533e-04 1.000000000000000000e+00 9.997743173098623259e-01 1.000000000000000000e+00
2.895041455432925855e-04 4.101613021303594508e-01 7.331692485883886112e-01 2.579892555640828644e-01 1.447806573041841513e-04 1.000000000000000000e+00 9.998025276461295352e-01 1.000000000000000000e+00
1.654449393181515505e-04 4.101462890887129786e-01 7.331692485883886112e-01 2.579773763295627464e-01 8.273180417381952663e-05 1.000000000000000000e+00 9.998871586549311630e-01 1.000000000000000000e+00
8.272713665313270737e-05 4.101362810048436724e-01 7.331692485883886112e-01 2.579694574476248947e-01 4.136590208690976332e-05 1.000000000000000000e+00 9.999435793274655815e-01 1.000000000000000000e+00
4.136473517382090127e-05 4.101312771460641216e-01 7.331692485883886112e-01 2.579654981889618615e-01 2.068295104345488166e-05 1.000000000000000000e+00 9.999717896637327907e-01 1.000000000000000000e+00
0.000000000000000000e+00 4.101262734093820694e-01 0.000000000000000000e+00 2.579615390518286699e-01 0.000000000000000000e+00 1.000000000000000000e+00 1.000000000000000000e+00 1.000000000000000000e+00
0.000000000000000000e+00 4.101262734093820694e-01 0.000000000000000000e+00 2.579615390518286699e-01 0.000000000000000000e+00 1.000000000000000000e+00 1.000000000000000000e+00 1.000000000000000000e+00
0.000000000000000000e+00 4.101262734093820694e-01 0.000000000000000000e+00 2.579615390518286699e-01 0.000000000000000000e+00 1.000000000000000000e+00 1.000000000000000000e+00 1.000000000000000000e+00
0.000000000000000000e+00 4.101262734093820694e-01 0.000000000000000000e+00 2.579615390518286699e-01 0.000000000000000000e+00 1.000000000000000000e+00 1.000000000000000000e+00 1.000000000000000000e+00
