1.908755295679080977e-01 4.627998432761098457e-01 1.943931951609158548e-01 3.060476364124906645e-01 1.985563300171668266e-01 9.487148976677772794e-01 9.283457458812909291e-01 9.487148976677772794e-01
1.908755295679080977e-01 4.627998432761098457e-01 1.943931951609158548e-01 3.060476364124906645e-01 1.985563300171668266e-01 9.487148976677772794e-01 9.283457458812909291e-01 9.487148976677772794e-01
1.908755295679080977e-01 4.627998432761098457e-01 1.943931951609158548e-01 3.060476364124906645e-01 1.985563300171668266e-01 9.487148976677772794e-01 9.283457458812909291e-01 9.487148976677772794e-01
1.908755295679080977e-01 4.627998432761098457e-01 1.943931951609158548e-01 3.060476364124906645e-01 1.985563300171668266e-01 9.487148976677772794e-01 9.283457458812909291e-01 9.487148976677772794e-01
1.908755295679080977e-01 4.627998432761098457e-01 1.943931951609158548e-01 3.060476364124906645e-01 1.985563300171668266e-01 9.487148976677772794e-01 9.283457458812909291e-01 9.487148976677772794e-01
1.908755295679080977e-01 4.627998432761098457e-01 1.943931951609158548e-01 3.060476364124906645e-01 1.985563300171668266e-01 9.487148976677772794e-01 9.283457458812909291e-01 9.487148976677772794e-01
4.503937404748590279e-01 4.836357469899948969e-01 7.925495833701994286e-01 3.382192495612162397e-01 3.646404268961095374e-01 8.484055211803902541e-01 7.020142180094787188e-01 8.484055211803902541e-01
6.316266826850311933e-01 5.448120270728932235e-01 8.342829380846745746e-01 4.099882808978635440e-01 5.354816025150468395e-01 8.117563065207044071e-01 4.693917851500790106e-01 8.117563065207044071e-01
6.754761690988884126e-01 5.826812841917133889e-01 8.140009472186968686e-01 4.597736731675437505e-01 5.976545533516722797e-01 7.952760590195144808e-01 3.846761453396524422e-01 7.952760590195144808e-01
7.115470215519896779e-01 6.099175985874043526e-01 7.868989833126285305e-01 5.188167556742323550e-01 6.647293635855964222e-01 7.398262732032365729e-01 2.931900248250959296e-01 7.398262732032365729e-01
7.023866251349866197e-01 5.395654826644030733e-01 7.448811361694398503e-01 4.868591124515295188e-01 6.784214771763634744e-01 6.050690147548786202e-01 2.745994132250056396e-01 6.050690147548786202e-01
7.050906790074649155e-01 4.960718944774605288e-01 7.205610256328385255e-01 4.837451235370611169e-01 7.040062876171172546e-01 5.090433127082342191e-01 2.399289099526066282e-01 5.090433127082342191e-01
7.088745587377116575e-01 4.454618079026608779e-01 7.156418760223681730e-01 4.606049053246918379e-01 7.166022048025812996e-01 4.312827225130890230e-01 2.228334461746784012e-01 4.312827225130890230e-01
7.101388406233308803e-01 3.981957065718425004e-01 7.044067299053442532e-01 4.458124447065762164e-01 7.310595875819562162e-01 3.597691575440266631e-01 2.031708417964342150e-01 3.597691575440266631e-01
7.101919875032578489e-01 3.512069922308546643e-01 6.946350305428325989e-01 4.210745176314038551e-01 7.423731618027260559e-01 3.012256068538791132e-01 1.877397878582712787e-01 3.012256068538791132e-01
7.139337488762351747e-01 3.011713030746705488e-01 6.921115044515546710e-01 3.913622526636225119e-01 7.538728825828869828e-01 2.447643979057591568e-01 1.721394719025050868e-01 2.447643979057591568e-01
7.233998701868848968e-01 2.938537632759480323e-01 6.939858353417167613e-01 4.132427477623207279e-01 7.730873441022566572e-01 2.279866730128510266e-01 1.459320695102685750e-01 2.279866730128510266e-01
7.249130663623486459e-01 2.788638589618021579e-01 6.923461588561594660e-01 4.082826660548353748e-01 7.788785703944238747e-01 2.117444074250356967e-01 1.380895960279846513e-01 2.117444074250356967e-01
7.319182901222571758e-01 2.758872736132543246e-01 6.939778671568421764e-01 4.345101048861601534e-01 7.932945872717120928e-01 2.021061399333650699e-01 1.184269916497404651e-01 2.021061399333650699e-01
7.321327953385727838e-01 2.486336500462456855e-01 6.898216309380211797e-01 4.237603897965033228e-01 7.999131316056175001e-01 1.759281294621608815e-01 1.094561047167682266e-01 1.759281294621608815e-01
7.324612220136725860e-01 2.332378958164181282e-01 6.882205279345865456e-01 4.139238586379493379e-01 8.031603549194399339e-01 1.623631603998096085e-01 1.050835025953509305e-01 1.623631603998096085e-01
7.381465899488375282e-01 2.331390507910074961e-01 6.905997750641397204e-01 4.425220429213109208e-01 8.137707088047323456e-01 1.582579723940980565e-01 9.063981042654029041e-02 1.582579723940980565e-01
7.437438985005051517e-01 2.339554756015291004e-01 6.928309068241873536e-01 4.792703150912105969e-01 8.245878922004592493e-01 1.547477391718229400e-01 7.608327691266079940e-02 1.547477391718229400e-01
7.485977461460113780e-01 2.377673735426420742e-01 6.944176429430508612e-01 5.202892728003214451e-01 8.336263418064490116e-01 1.540932889100428416e-01 6.392462198149402586e-02 1.540932889100428416e-01
7.519504023805079207e-01 2.378282403513690135e-01 6.955778185606191766e-01 5.539834566826294937e-01 8.405137645039194583e-01 1.514159923845787847e-01 5.467163168584969479e-02 1.514159923845787847e-01
7.544034559431127551e-01 2.397467397467397121e-01 6.966435415084000216e-01 5.824150596877869512e-01 8.451674284886967481e-01 1.509400285578295919e-01 4.832430602572782702e-02 1.509400285578295919e-01
7.552793206309746932e-01 2.357146261259114306e-01 6.965747121504786143e-01 5.923353293413173848e-01 8.475873337607808811e-01 1.471323179438362716e-01 4.502369668246445494e-02 1.471323179438362716e-01
7.566308939363561858e-01 2.363950475093578862e-01 6.970942456426449940e-01 6.111662531017370004e-01 8.502968003474736802e-01 1.465373631603998084e-01 4.135635296772737640e-02 1.465373631603998084e-01
7.587154254745203108e-01 2.345216672340839359e-01 6.976418875383010310e-01 6.424193978150812834e-01 8.549297813812075653e-01 1.434435982865302217e-01 3.509365831640712946e-02 1.434435982865302217e-01
7.601146568603809328e-01 2.344408507301773970e-01 6.982035098475596335e-01 6.648137854363534993e-01 8.577012968210304678e-01 1.423131841980009582e-01 3.131347325660122083e-02 1.423131841980009582e-01
7.618860087575121121e-01 2.360788576510697290e-01 6.989862736621774708e-01 6.962984552608568745e-01 8.610933007921570681e-01 1.421346977629700248e-01 2.668697810877905530e-02 1.421346977629700248e-01
7.627486847412532356e-01 2.297047509616825522e-01 6.987644589158905628e-01 7.164225615456528695e-01 8.638027673788497562e-01 1.367801047120418834e-01 2.299142405777476750e-02 1.367801047120418834e-01
7.639371968857078254e-01 2.294537772859873426e-01 6.992281390347321324e-01 7.420299284320104327e-01 8.662019896998904844e-01 1.357091861018562551e-01 1.971902505077860468e-02 1.357091861018562551e-01
7.656481414834810373e-01 2.261091279959204503e-01 6.994923684455172097e-01 7.912205567451819910e-01 8.703799458106683540e-01 1.319014754878629347e-01 1.402053712480252727e-02 1.319014754878629347e-01
7.663213063818645754e-01 2.253086419753086433e-01 6.996532434844733306e-01 8.320668693009118932e-01 8.732341930546650977e-01 1.302950975725844784e-01 1.235612728503723834e-02 1.302950975725844784e-01
7.667249039360335416e-01 2.237256623457108962e-01 6.996567075454451778e-01 8.477495107632093685e-01 8.743303894599682158e-01 1.288672060923369833e-01 1.086097946287519801e-02 1.288672060923369833e-01
7.667983151281525522e-01 2.174274721846729819e-01 6.991471355411629229e-01 8.619126133553174363e-01 8.754472688163148497e-01 1.244050452165635368e-01 9.337621304445948428e-03 1.244050452165635368e-01
7.667413700546319433e-01 2.121433796634967228e-01 6.982618157022699723e-01 8.712446351931329991e-01 8.761711721028356825e-01 1.207758210376011360e-01 8.406680207628074164e-03 1.207758210376011360e-01
7.672121451009508153e-01 2.113266911379129420e-01 6.983717979292103362e-01 8.908045977011493921e-01 8.772673685081386896e-01 1.198833888624464550e-01 6.911532385466034704e-03 1.198833888624464550e-01
7.673891906341281377e-01 2.091640801725498655e-01 6.982530971421048172e-01 9.032258064516128782e-01 8.779705888436162287e-01 1.182770109471680126e-01 5.952380952380952051e-03 1.182770109471680126e-01
7.674352034388074451e-01 2.064162093710426582e-01 6.980387079424701380e-01 9.123134328358208922e-01 8.784876626197025695e-01 1.163731556401713524e-01 5.247122545700744906e-03 1.163731556401713524e-01
7.676200163820332545e-01 2.052882072977260663e-01 6.980124051761085191e-01 9.234062797335870210e-01 8.790461022978758310e-01 1.154807234650166575e-01 4.485443466486120113e-03 1.154807234650166575e-01
7.675188738576890213e-01 2.013052475194991031e-01 6.976443099655269542e-01 9.303580186365865146e-01 8.794390783677015211e-01 1.128629224178962359e-01 3.949447077409162440e-03 1.128629224178962359e-01
7.674285085157870334e-01 1.988198394556376647e-01 6.974060300193805073e-01 9.335996005991012980e-01 8.796252249270926082e-01 1.112565445026178074e-01 3.695554051004287799e-03 1.112565445026178074e-01
7.666649906417943861e-01 1.860465116279070019e-01 6.960847187591661100e-01 9.363538295577130688e-01 8.799354691927444572e-01 1.032841504045692582e-01 3.272399006996163252e-03 1.032841504045692582e-01
7.666164589431734289e-01 1.840918849291541259e-01 6.959106935253476234e-01 9.402412280701754055e-01 8.801216157521355443e-01 1.020347453593526826e-01 3.018505980591288610e-03 1.020347453593526826e-01
7.666198713202487802e-01 1.827269307249959895e-01 6.958038717683729946e-01 9.449694274596998067e-01 8.803284452625700363e-01 1.011423131841980017e-01 2.736402617919205579e-03 1.011423131841980017e-01
7.663882642419030944e-01 1.785752775083521982e-01 6.953881287784995369e-01 9.468571428571428417e-01 8.804525429688307980e-01 9.858400761542122914e-02 2.567140600315955673e-03 9.858400761542122914e-02
7.659258627707246081e-01 1.702058504875406386e-01 6.945591713665559830e-01 9.509685230024212954e-01 8.807007383813522106e-01 9.346739647786768412e-02 2.228616565109456295e-03 9.346739647786768412e-02
7.653604150119932559e-01 1.608105899656806781e-01 6.936217289980999290e-01 9.528728211749515342e-01 8.808662019896998929e-01 8.781532603522132496e-02 2.002933874971789610e-03 8.781532603522132496e-02
7.652892845891221540e-01 1.589570150556403882e-01 6.931639970664793537e-01 9.560367454068241511e-01 8.809696167449171389e-01 8.668491194669204758e-02 1.861882193635748094e-03 8.668491194669204758e-02
7.652437086705610181e-01 1.574003276897870118e-01 6.930293384468486639e-01 9.593874833555259274e-01 8.810937144511779007e-01 8.573298429319371750e-02 1.692620176032498406e-03 8.573298429319371750e-02
7.648165344088815321e-01 1.498875294892192678e-01 6.923014690286908301e-01 9.626497533474277501e-01 8.812591780595255830e-01 8.127082341742027094e-02 1.466937485894831937e-03 8.127082341742027094e-02
7.647845759753071349e-01 1.481237294654139947e-01 6.919439817761863232e-01 9.676956209619526073e-01 8.814246416678731544e-01 8.019990480723465653e-02 1.241254795757165469e-03 8.019990480723465653e-02
7.646664190508603021e-01 1.459066901408450911e-01 6.917343152389001659e-01 9.692982456140351033e-01 8.814866905210035908e-01 7.889100428367444573e-02 1.156623786955540516e-03 7.889100428367444573e-02
7.646892541792440490e-01 1.453424355868751516e-01 6.917024977934207453e-01 9.734513274336282773e-01 8.816107882272642415e-01 7.853403141361256501e-02 9.873617693522906101e-04 7.853403141361256501e-02
7.646287024357496520e-01 1.441322314049586772e-01 6.915900396712997278e-01 9.746646795827124121e-01 8.816521541293511621e-01 7.782008567348881745e-02 9.309410968178740472e-04 7.782008567348881745e-02
7.645333028591652091e-01 1.426996029995588888e-01 6.914475118888878669e-01 9.743975903614457978e-01 8.816521541293511621e-01 7.698714897667777168e-02 9.309410968178740472e-04 7.698714897667777168e-02
7.644379350363210701e-01 1.412647610639002349e-01 6.913050660964072947e-01 9.741248097412480433e-01 8.816521541293511621e-01 7.615421227986672592e-02 9.309410968178740472e-04 7.615421227986672592e-02
7.643858861974597296e-01 1.395657218630863561e-01 6.911615602407414904e-01 9.783113865220759431e-01 8.817762518356119239e-01 7.514278914802474674e-02 7.616790792146242500e-04 7.514278914802474674e-02
7.642875900375367682e-01 1.379272204402167690e-01 6.910038826523361433e-01 9.788069073783359775e-01 8.817969347866553287e-01 7.419086149452641665e-02 7.334687429474159685e-04 7.419086149452641665e-02
7.642794238199936974e-01 1.370378569847243710e-01 6.909369529722559911e-01 9.825396825396824907e-01 8.819003495418726857e-01 7.365540218943360251e-02 5.924170616113744528e-04 7.365540218943360251e-02
7.642984751026424828e-01 1.365599734189832659e-01 6.909106597024363694e-01 9.864000000000000545e-01 8.820037642970899316e-01 7.335792479771537089e-02 4.513653802753328829e-04 7.335792479771537089e-02
7.642553153524047627e-01 1.350482315112540022e-01 6.906195577803944108e-01 9.902439024390243816e-01 8.821071790523071776e-01 7.246549262256068991e-02 3.103136989392913671e-04 7.246549262256068991e-02
7.606671205487223197e-01 7.816249571477545954e-02 6.852712669835392401e-01 9.855907780979826782e-01 8.821485449543940982e-01 4.069490718705378457e-02 2.538930264048747500e-04 4.069490718705378457e-02
7.597801708613478588e-01 6.301117382790001609e-02 6.839301755268913929e-01 9.873646209386282013e-01 8.822105938075244236e-01 3.254402665397429506e-02 1.692620176032498243e-04 3.254402665397429506e-02
7.595230716251313297e-01 5.854165463887765763e-02 6.835406636633947208e-01 9.883040935672514626e-01 8.822312767585679394e-01 3.016420752022846291e-02 1.410516813360415157e-04 3.016420752022846291e-02
7.594467074920374650e-01 5.708672791356098064e-02 6.834175637103323542e-01 9.899799599198396693e-01 8.822519597096113442e-01 2.939076630176106625e-02 1.128413450688332207e-04 2.939076630176106625e-02
7.594182616999800572e-01 5.608557386527898703e-02 6.833438438149843641e-01 9.958932238193018982e-01 8.823140085627417806e-01 2.885530699666825211e-02 2.821033626720830518e-05 2.885530699666825211e-02
7.584571719685291313e-01 3.976444522185295510e-02 6.819303176059583471e-01 9.941690962099125617e-01 8.823140085627417806e-01 2.028795811518324665e-02 2.821033626720830518e-05 2.028795811518324665e-02
7.583905504025558741e-01 3.862085059214748206e-02 6.818324605079697509e-01 9.939939939939940183e-01 8.823140085627417806e-01 1.969300333174678688e-02 2.821033626720830518e-05 1.969300333174678688e-02
7.582973065094156251e-01 3.701757458982892629e-02 6.816955267703204147e-01 9.937304075235109391e-01 8.823140085627417806e-01 1.886006663493574459e-02 2.821033626720830518e-05 1.886006663493574459e-02
7.579512404372423795e-01 3.103953147877013680e-02 6.811875908921449785e-01 9.925093632958801315e-01 8.823140085627417806e-01 1.576630176106615794e-02 2.821033626720830518e-05 1.576630176106615794e-02
7.576720338815916556e-01 2.618446544942170523e-02 6.807781099604934827e-01 9.911111111111111649e-01 8.823140085627417806e-01 1.326749167063303106e-02 2.821033626720830518e-05 1.326749167063303106e-02
7.575923111274682764e-01 2.479290288467187256e-02 6.806612423364228892e-01 9.906103286384976281e-01 8.823140085627417806e-01 1.255354593050928176e-02 2.821033626720830518e-05 1.255354593050928176e-02
7.575325337939964321e-01 2.374794262873265727e-02 6.805736285921377693e-01 9.901960784313725839e-01 8.823140085627417806e-01 1.201808662541646762e-02 2.821033626720830518e-05 1.201808662541646762e-02
7.574262941444940278e-01 2.188750294186867298e-02 6.804179490177402201e-01 9.893617021276596146e-01 8.823140085627417806e-01 1.106615897191813407e-02 2.821033626720830518e-05 1.106615897191813407e-02
7.573001863467141437e-01 1.967367615008540696e-02 6.802332094045577815e-01 9.881656804733728316e-01 8.823140085627417806e-01 9.935744883388861887e-03 2.821033626720830518e-05 9.935744883388861887e-03
7.572272022535075919e-01 1.838972061770600269e-02 6.801263192845941052e-01 9.873417721518987777e-01 8.823140085627417806e-01 9.281294621608758219e-03 2.821033626720830518e-05 9.281294621608758219e-03
7.572139344412438522e-01 1.815609526055175435e-02 6.801068897874527064e-01 9.871794871794872250e-01 8.823140085627417806e-01 9.162303664921465224e-03 2.821033626720830518e-05 9.162303664921465224e-03
7.572073007684809731e-01 1.815716559570830502e-02 6.800971756237319532e-01 9.935483870967741771e-01 8.823140085627417806e-01 9.162303664921465224e-03 2.821033626720830518e-05 9.162303664921465224e-03
7.572073007684809731e-01 1.815716559570830502e-02 6.800971756237319532e-01 9.935483870967741771e-01 8.823140085627417806e-01 9.162303664921465224e-03 2.821033626720830518e-05 9.162303664921465224e-03
7.569752201931532198e-01 1.405954631379962259e-02 6.797574253433265046e-01 9.916666666666666963e-01 8.823140085627417806e-01 7.079961922893860359e-03 2.821033626720830518e-05 7.079961922893860359e-03
7.564653125996938510e-01 4.984867366921844067e-03 6.790116508931236528e-01 9.767441860465115866e-01 8.823140085627417806e-01 2.498810090433126879e-03 2.821033626720830518e-05 2.498810090433126879e-03
7.561875685910111056e-01 0.000000000000000000e+00 6.786058332513664748e-01 0.000000000000000000e+00 8.823140085627417806e-01 0.000000000000000000e+00 2.821033626720830518e-05 0.000000000000000000e+00
7.561875685910111056e-01 0.000000000000000000e+00 6.786058332513664748e-01 0.000000000000000000e+00 8.823140085627417806e-01 0.000000000000000000e+00 2.821033626720830518e-05 0.000000000000000000e+00
7.561875685910111056e-01 0.000000000000000000e+00 6.786058332513664748e-01 0.000000000000000000e+00 8.823140085627417806e-01 0.000000000000000000e+00 2.821033626720830518e-05 0.000000000000000000e+00
7.561875685910111056e-01 0.000000000000000000e+00 6.786058332513664748e-01 0.000000000000000000e+00 8.823140085627417806e-01 0.000000000000000000e+00 2.821033626720830518e-05 0.000000000000000000e+00
7.561875685910111056e-01 0.000000000000000000e+00 6.786058332513664748e-01 0.000000000000000000e+00 8.823140085627417806e-01 0.000000000000000000e+00 2.821033626720830518e-05 0.000000000000000000e+00
7.561875685910111056e-01 0.000000000000000000e+00 6.786058332513664748e-01 0.000000000000000000e+00 8.823140085627417806e-01 0.000000000000000000e+00 2.821033626720830518e-05 0.000000000000000000e+00
7.561875685910111056e-01 0.000000000000000000e+00 6.786058332513664748e-01 0.000000000000000000e+00 8.823140085627417806e-01 0.000000000000000000e+00 2.821033626720830518e-05 0.000000000000000000e+00
7.561875685910111056e-01 0.000000000000000000e+00 6.786058332513664748e-01 0.000000000000000000e+00 8.823140085627417806e-01 0.000000000000000000e+00 2.821033626720830518e-05 0.000000000000000000e+00
7.561875685910111056e-01 0.000000000000000000e+00 6.786058332513664748e-01 0.000000000000000000e+00 8.823140085627417806e-01 0.000000000000000000e+00 2.821033626720830518e-05 0.000000000000000000e+00
7.561875685910111056e-01 0.000000000000000000e+00 6.786058332513664748e-01 0.000000000000000000e+00 8.823140085627417806e-01 0.000000000000000000e+00 2.821033626720830518e-05 0.000000000000000000e+00
7.561875685910111056e-01 0.000000000000000000e+00 6.786058332513664748e-01 0.000000000000000000e+00 8.823140085627417806e-01 0.000000000000000000e+00 2.821033626720830518e-05 0.000000000000000000e+00
7.561875685910111056e-01 0.000000000000000000e+00 6.786058332513664748e-01 0.000000000000000000e+00 8.823140085627417806e-01 0.000000000000000000e+00 2.821033626720830518e-05 0.000000000000000000e+00
7.561875685910111056e-01 0.000000000000000000e+00 6.786058332513664748e-01 0.000000000000000000e+00 8.823140085627417806e-01 0.000000000000000000e+00 2.821033626720830518e-05 0.000000000000000000e+00
7.561875685910111056e-01 0.000000000000000000e+00 6.786058332513664748e-01 0.000000000000000000e+00 8.823140085627417806e-01 0.000000000000000000e+00 2.821033626720830518e-05 0.000000000000000000e+00
7.561875685910111056e-01 0.000000000000000000e+00 6.786058332513664748e-01 0.000000000000000000e+00 8.823140085627417806e-01 0.000000000000000000e+00 2.821033626720830518e-05 0.000000000000000000e+00
7.561875685910111056e-01 0.000000000000000000e+00 6.786058332513664748e-01 0.000000000000000000e+00 8.823140085627417806e-01 0.000000000000000000e+00 2.821033626720830518e-05 0.000000000000000000e+00
