9.015326721560963374e-01 4.319270663751801909e-01 8.440506938489388267e-01 9.897676401620123521e-01 9.758216302302011869e-01 2.762375059495478236e-01 1.184834123222748906e-03 2.762375059495478236e-01
9.190096187292630114e-01 5.786153010487611326e-01 8.760417220290187545e-01 9.717894736842105363e-01 9.729673829862044432e-01 4.119466920514041064e-01 5.049650191830287044e-03 4.119466920514041064e-01
9.210499016468032263e-01 5.926507018992568376e-01 8.802084321989972482e-01 9.682946573124662226e-01 9.724089433080311817e-01 4.269990480723465098e-01 5.867749943579327748e-03 4.269990480723465098e-01
9.237251321549941885e-01 6.099348534201953775e-01 8.855000459957929060e-01 9.662022703818369251e-01 9.719539183850751662e-01 4.456211327939076372e-01 6.516587677725118113e-03 4.456211327939076372e-01
9.245800127554932857e-01 6.151353103224760366e-01 8.873812191005773231e-01 9.639410868461147919e-01 9.716229911683799125e-01 4.516896715849595401e-01 6.855111712931617925e-03 4.516896715849595401e-01
9.257281544640056925e-01 6.219590784598034716e-01 8.896919676680700162e-01 9.627182044887780954e-01 9.714368446089887144e-01 4.593645882912898437e-01 7.137215075603700956e-03 4.593645882912898437e-01
9.274220038936383803e-01 6.326082618239873279e-01 8.931508320178186411e-01 9.609554989693221971e-01 9.710231855881197305e-01 4.715016658733936494e-01 7.616790792146242717e-03 4.715016658733936494e-01
9.275670973353983273e-01 6.339890101138806466e-01 8.937526085950459054e-01 9.584637611365277587e-01 9.706302095182940404e-01 4.736435030937648505e-01 8.096366508688782743e-03 4.736435030937648505e-01
9.282032008893786879e-01 6.380363232611626634e-01 8.952000399201562875e-01 9.565992865636147036e-01 9.702992823015987867e-01 4.786411232746311528e-01 8.491311216429700201e-03 4.786411232746311528e-01
9.284452099930070590e-01 6.405089299826142168e-01 8.961294135167461317e-01 9.535294117647058476e-01 9.696994767213386046e-01 4.822108519752498768e-01 9.224779959377116603e-03 4.822108519752498768e-01
9.284359431587745348e-01 6.411954893147228107e-01 8.965584794487270193e-01 9.505494505494505031e-01 9.691617199942088590e-01 4.837577344121846701e-01 9.845407357255697711e-03 4.837577344121846701e-01
9.281051518110858822e-01 6.421226155899206756e-01 8.969519122032603153e-01 9.434832756632064443e-01 9.679000599805581695e-01 4.866730128510233233e-01 1.134055517941773804e-02 4.866730128510233233e-01
9.284042837137838067e-01 7.244416828100441741e-01 8.992767412640566560e-01 9.392474646952895245e-01 9.658317648762123619e-01 5.896001903855306869e-01 1.368201308959602833e-02 5.896001903855306869e-01
9.281014565936515082e-01 7.242283051834594865e-01 8.997945334588137722e-01 9.328582145536383763e-01 9.645494219115182677e-01 5.918610185625892139e-01 1.492326788535319401e-02 5.918610185625892139e-01
9.243003907510995987e-01 7.149097679747922207e-01 9.002826966361326955e-01 8.977517985611510598e-01 9.563382903472666952e-01 5.939433603046168075e-01 1.689799142405777610e-02 5.939433603046168075e-01
9.234656836100797461e-01 7.132842247606846486e-01 9.006938877470900273e-01 8.874524041441600453e-01 9.540424827814432129e-01 5.962636839600190530e-01 1.988828706838185675e-02 5.962636839600190530e-01
9.219491205417982282e-01 7.088456404131245892e-01 9.014927208697066652e-01 8.654143077714874233e-01 9.486649155101449793e-01 6.002498810090433068e-01 2.372489280072218390e-02 6.002498810090433068e-01
8.851465699075458105e-01 7.302419699603842629e-01 9.132691045689649290e-01 7.008589091306963725e-01 8.699249208877123385e-01 7.621965730604474132e-01 8.575942225231324156e-02 7.621965730604474132e-01
8.779018936231076653e-01 7.288879199934600317e-01 9.223256198598803746e-01 6.724319975866056565e-01 8.493867505015614272e-01 7.956925273679200661e-01 1.066632814263146073e-01 7.956925273679200661e-01
8.677504245831578755e-01 7.155895346683950331e-01 9.185222642663466441e-01 6.442623731720097391e-01 8.306686798072347999e-01 8.046763445978105667e-01 1.180602572782667586e-01 8.046763445978105667e-01
8.623989420922382187e-01 7.106851444113457816e-01 9.197384401981882895e-01 6.293526632105335139e-01 8.194585203416822061e-01 8.161589719181342462e-01 1.297675468291581979e-01 8.161589719181342462e-01
8.574532924480758878e-01 7.048662420382165728e-01 9.201449410774287241e-01 6.163889136440602323e-01 8.095513867918674444e-01 8.230009519276535457e-01 1.408824193184382845e-01 8.230009519276535457e-01
8.506103809863457821e-01 6.965510336887421605e-01 9.183368447554044467e-01 6.011837898556986470e-01 7.977621046970980734e-01 8.278795811518324665e-01 1.517151884450462784e-01 8.278795811518324665e-01
8.391063498844211210e-01 6.837677696227840718e-01 9.198361359158825357e-01 5.793083502045200950e-01 7.793542782684232950e-01 8.341861018562589658e-01 1.601218686526743318e-01 8.341861018562589658e-01
8.331786706715760271e-01 6.764451284024237676e-01 9.204773398790156991e-01 5.676351896690879917e-01 7.694264617675647955e-01 8.368633983817229671e-01 1.685849695328368314e-01 8.368633983817229671e-01
8.281709206917327037e-01 6.703555059488469636e-01 9.212825450065582622e-01 5.578435634955140054e-01 7.608844029866179692e-01 8.397191813422180129e-01 1.775276461295418606e-01 8.397191813422180129e-01
8.241808124856326856e-01 6.659303473234009507e-01 9.222636224365259316e-01 5.503379165695642117e-01 7.538521996318434670e-01 8.429914326511185330e-01 1.849187542315504362e-01 8.429914326511185330e-01
8.183782014482138267e-01 6.593636131547799817e-01 9.195507160504705624e-01 5.405456828646447720e-01 7.446069205154189907e-01 8.451332698714897340e-01 1.939460618370570932e-01 8.451332698714897340e-01
8.128622446887510122e-01 6.539167125298110950e-01 9.201874170663816299e-01 5.320149253731343286e-01 7.358373492729942678e-01 8.482865302237030392e-01 2.024373730534868021e-01 8.482865302237030392e-01
8.068269084842416561e-01 6.487391914527592673e-01 9.211876851576067393e-01 5.235659481183777553e-01 7.263645576950917837e-01 8.525702046644455523e-01 2.111543669600541573e-01 8.525702046644455523e-01
8.001453624123130437e-01 6.422617052184600439e-01 9.214347424847041390e-01 5.143358270394100540e-01 7.160644480754514429e-01 8.548905283198476868e-01 2.220435567591965698e-01 8.548905283198476868e-01
7.913659786094269233e-01 6.338359933957071757e-01 9.213314202656958107e-01 5.030576230911696367e-01 7.033237502326830093e-01 8.564969062351260876e-01 2.341740013540961340e-01 8.564969062351260876e-01
7.851886949848296826e-01 6.313462913605928373e-01 9.242659058810788197e-01 4.965065948672506280e-01 6.921963225713045897e-01 8.667301285102332331e-01 2.458812909049875872e-01 8.667301285102332331e-01
7.786740901808106852e-01 6.285519096518007442e-01 9.270424029338407701e-01 4.901608230945959654e-01 6.813584562245341703e-01 8.758329366968110596e-01 2.559523809523809312e-01 8.758329366968110596e-01
4.374467018012291319e-01 4.615872536434342810e-01 8.866974647568642842e-01 3.093083975954823983e-01 2.926637572648865815e-01 9.092099000475963866e-01 7.089257503949446537e-01 9.092099000475963866e-01
4.137159205418810548e-01 4.590543125305813765e-01 8.922934434464857567e-01 3.057173891576972502e-01 2.715464642495190595e-01 9.209900047596382144e-01 7.281651997291808120e-01 9.209900047596382144e-01
3.949233195483746184e-01 4.564416101099929013e-01 8.967125404168336811e-01 3.026183087664856552e-01 2.553517135824939777e-01 9.283079485959067068e-01 7.418190024825095374e-01 9.283079485959067068e-01
3.749294771590796493e-01 4.529398161530901468e-01 8.975241464332689434e-01 2.991408934707903700e-01 2.399842809572069469e-01 9.322346501665873530e-01 7.537237643872715109e-01 9.322346501665873530e-01
3.591312146429218588e-01 4.508602673842718733e-01 9.003706093489860507e-01 2.968484939872582662e-01 2.278847545967858657e-01 9.369942884340790590e-01 7.643026404874746493e-01 9.369942884340790590e-01
3.459131843986962829e-01 4.493076759213235905e-01 9.028174804355394434e-01 2.950920588729084026e-01 2.179983039980144255e-01 9.411589719181342462e-01 7.725682690137666286e-01 9.411589719181342462e-01
3.320754927714116289e-01 4.474836964942180417e-01 9.056191633517401973e-01 2.931406743065935738e-01 2.075327307700262636e-01 9.450856734888148925e-01 7.835985104942451152e-01 9.450856734888148925e-01
3.221634441781567326e-01 4.464015681881825515e-01 9.083693775032493090e-01 2.918955540906760238e-01 2.000868683943824999e-01 9.484174202760590200e-01 7.907639359061160444e-01 9.484174202760590200e-01
3.121619544100150412e-01 4.451654227470200897e-01 9.103096950109330621e-01 2.905940954043048086e-01 1.928685184802167440e-01 9.510352213231794138e-01 7.970830512299706960e-01 9.510352213231794138e-01
3.017546952811482330e-01 4.436379754550239252e-01 9.108236242097100810e-01 2.891344383057090073e-01 1.856708515170944485e-01 9.527605901951451406e-01 8.029508011735499995e-01 9.527605901951451406e-01
2.935817166411233137e-01 4.428415782868333483e-01 9.130438189540964755e-01 2.882353997235237997e-01 1.800037229311877984e-01 9.551999048072346010e-01 8.080568720379146530e-01 9.551999048072346010e-01
2.864301752220039243e-01 4.418243531076940789e-01 9.109513908294584184e-01 2.872612261672891076e-01 1.750191317297151994e-01 9.564493098524512460e-01 8.131911532385466268e-01 9.564493098524512460e-01
2.780948305295347645e-01 4.407197099267975982e-01 9.115696696901358642e-01 2.861737477122092699e-01 1.691244906823305139e-01 9.581746787244169727e-01 8.188896411645226747e-01 9.581746787244169727e-01
2.705384955895995813e-01 4.398593583907983717e-01 9.123745915324299460e-01 2.852748806788050207e-01 1.637469234110322802e-01 9.601380295097572404e-01 8.252369668246445356e-01 9.601380295097572404e-01
2.623069546833107224e-01 4.389112027789839332e-01 9.132718158731061298e-01 2.842954577415272022e-01 1.578936482657345430e-01 9.622203712517848340e-01 8.320356578650417445e-01 9.622203712517848340e-01
2.527891530896200778e-01 4.376637761028716600e-01 9.135905239171948633e-01 2.831055813790934184e-01 1.514819334422635166e-01 9.638862446454069532e-01 8.386368765515684887e-01 9.638862446454069532e-01
1.957839607668481474e-01 4.274087341305378152e-01 9.085628690792473261e-01 2.744570732697381721e-01 1.127634490889160013e-01 9.654331270823417466e-01 8.569453847889866305e-01 9.654331270823417466e-01
1.740918643672182131e-01 4.251261918115535332e-01 9.099318186906939498e-01 2.722473730809709114e-01 9.896792074293160602e-02 9.695978105663969338e-01 8.715865493116677909e-01 9.695978105663969338e-01
1.628116033936809759e-01 4.247652155865718759e-01 9.159709785892145018e-01 2.715977705527171659e-01 9.179093673085277072e-02 9.741194669205139878e-01 8.798803881742270905e-01 9.741194669205139878e-01
1.524593552281468534e-01 4.233303190802221727e-01 9.138591725808333788e-01 2.703706148311936786e-01 8.546195371155558551e-02 9.748334126606378325e-01 8.870740239223651180e-01 9.748334126606378325e-01
1.438767646859145377e-01 4.222668520521139501e-01 9.127241450815914980e-01 2.694354997699940912e-01 8.027053299964839739e-02 9.757258448357924996e-01 8.929981945384789510e-01 9.757258448357924996e-01
1.371954209722255902e-01 4.229077150003207053e-01 9.151494814283661627e-01 2.695684876629004245e-01 7.607189393782703979e-02 9.808424559733460724e-01 8.981042654028436045e-01 9.808424559733460724e-01
1.313121133864495471e-01 4.246937550295706854e-01 9.379451160063930759e-01 2.704012752321930946e-01 7.226623094583134455e-02 9.890528319847691208e-01 9.029282329045362765e-01 9.890528319847691208e-01
1.259744933440154480e-01 4.252473923508959253e-01 9.507783381598219341e-01 2.705352368297386234e-01 6.893627582783511121e-02 9.932770109471680264e-01 9.073290453622206986e-01 9.932770109471680264e-01
1.200894294979088228e-01 4.249237804878048808e-01 9.561669394569741742e-01 2.701414911487272086e-01 6.539949119940433042e-02 9.950618752974773606e-01 9.119555405100429057e-01 9.950618752974773606e-01
1.137977612559241958e-01 4.244881410906141683e-01 9.614785102450112975e-01 2.696716033483579911e-01 6.165587706053899525e-02 9.966682532127558725e-01 9.169205596930715130e-01 9.966682532127558725e-01
1.078974167502264464e-01 4.239651140744485902e-01 9.655265150731707768e-01 2.691671882774006042e-01 5.818114128523858147e-02 9.977986673012850805e-01 9.216034755134281387e-01 9.977986673012850805e-01
1.030445532048833712e-01 4.234166035831440356e-01 9.674883486815361033e-01 2.686863511176583730e-01 5.536825994332871675e-02 9.983341266063778807e-01 9.252990295644324403e-01 9.983341266063778807e-01
9.656919800319373193e-02 4.225564856189816809e-01 9.683983913872143967e-01 2.679726040519181951e-01 5.164532875550682106e-02 9.986316039980961401e-01 9.302922590837282568e-01 9.986316039980961401e-01
9.068152485110103633e-02 4.218551780443384192e-01 9.704398020934520419e-01 2.673746556912446337e-01 4.829469068646714824e-02 9.991075678248453329e-01 9.346930715414127899e-01 9.991075678248453329e-01
8.407168396443670533e-02 4.209629314017894752e-01 9.710733703239539105e-01 2.666454992856008843e-01 4.457175949864527337e-02 9.992860542598762663e-01 9.396016700519069786e-01 9.992860542598762663e-01
7.913949920288067263e-02 4.203217654565016281e-01 9.718996358574353289e-01 2.661185565377182094e-01 4.182092700986577566e-02 9.994645406949071997e-01 9.431561724215752340e-01 9.994645406949071997e-01
7.258371331426705098e-02 4.195561546718589718e-01 8.758981033689077211e-01 2.654714894961301419e-01 3.818072762621770727e-02 9.999405045216563925e-01 9.479519295870006967e-01 9.999405045216563925e-01
0.000000000000000000e+00 4.101262734093820694e-01 0.000000000000000000e+00 2.579615390518286699e-01 0.000000000000000000e+00 1.000000000000000000e+00 1.000000000000000000e+00 1.000000000000000000e+00
0.000000000000000000e+00 4.101262734093820694e-01 0.000000000000000000e+00 2.579615390518286699e-01 0.000000000000000000e+00 1.000000000000000000e+00 1.000000000000000000e+00 1.000000000000000000e+00
0.000000000000000000e+00 4.101262734093820694e-01 0.000000000000000000e+00 2.579615390518286699e-01 0.000000000000000000e+00 1.000000000000000000e+00 1.000000000000000000e+00 1.000000000000000000e+00
0.000000000000000000e+00 4.101262734093820694e-01 0.000000000000000000e+00 2.579615390518286699e-01 0.000000000000000000e+00 1.000000000000000000e+00 1.000000000000000000e+00 1.000000000000000000e+00
0.000000000000000000e+00 4.101262734093820694e-01 0.000000000000000000e+00 2.579615390518286699e-01 0.000000000000000000e+00 1.000000000000000000e+00 1.000000000000000000e+00 1.000000000000000000e+00
0.000000000000000000e+00 4.101262734093820694e-01 0.000000000000000000e+00 2.579615390518286699e-01 0.000000000000000000e+00 1.000000000000000000e+00 1.000000000000000000e+00 1.000000000000000000e+00
0.000000000000000000e+00 4.101262734093820694e-01 0.000000000000000000e+00 2.579615390518286699e-01 0.000000000000000000e+00 1.000000000000000000e+00 1.000000000000000000e+00 1.000000000000000000e+00
0.000000000000000000e+00 4.101262734093820694e-01 0.000000000000000000e+00 2.579615390518286699e-01 0.000000000000000000e+00 1.000000000000000000e+00 1.000000000000000000e+00 1.000000000000000000e+00
0.000000000000000000e+00 4.101262734093820694e-01 0.000000000000000000e+00 2.579615390518286699e-01 0.000000000000000000e+00 1.000000000000000000e+00 1.000000000000000000e+00 1.000000000000000000e+00
0.000000000000000000e+00 4.101262734093820694e-01 0.000000000000000000e+00 2.579615390518286699e-01 0.000000000000000000e+00 1.000000000000000000e+00 1.000000000000000000e+00 1.000000000000000000e+00
0.000000000000000000e+00 4.101262734093820694e-01 0.000000000000000000e+00 2.579615390518286699e-01 0.000000000000000000e+00 1.000000000000000000e+00 1.000000000000000000e+00 1.000000000000000000e+00
0.000000000000000000e+00 4.101262734093820694e-01 0.000000000000000000e+00 2.579615390518286699e-01 0.000000000000000000e+00 1.000000000000000000e+00 1.000000000000000000e+00 1.000000000000000000e+00
0.000000000000000000e+00 4.101262734093820694e-01 0.000000000000000000e+00 2.579615390518286699e-01 0.000000000000000000e+00 1.000000000000000000e+00 1.000000000000000000e+00 1.000000000000000000e+00
0.000000000000000000e+00 4.101262734093820694e-01 0.000000000000000000e+00 2.579615390518286699e-01 0.000000000000000000e+00 1.000000000000000000e+00 1.000000000000000000e+00 1.000000000000000000e+00
0.000000000000000000e+00 4.101262734093820694e-01 0.000000000000000000e+00 2.579615390518286699e-01 0.000000000000000000e+00 1.000000000000000000e+00 1.000000000000000000e+00 1.000000000000000000e+00
0.000000000000000000e+00 4.101262734093820694e-01 0.000000000000000000e+00 2.579615390518286699e-01 0.000000000000000000e+00 1.000000000000000000e+00 1.000000000000000000e+00 1.000000000000000000e+00
0.000000000000000000e+00 4.101262734093820694e-01 0.000000000000000000e+00 2.579615390518286699e-01 0.000000000000000000e+00 1.000000000000000000e+00 1.000000000000000000e+00 1.000000000000000000e+00
0.000000000000000000e+00 4.101262734093820694e-01 0.000000000000000000e+00 2.579615390518286699e-01 0.000000000000000000e+00 1.000000000000000000e+00 1.000000000000000000e+00 1.000000000000000000e+00
0.000000000000000000e+00 4.101262734093820694e-01 0.000000000000000000e+00 2.579615390518286699e-01 0.000000000000000000e+00 1.000000000000000000e+00 1.000000000000000000e+00 1.000000000000000000e+00
0.000000000000000000e+00 4.101262734093820694e-01 0.000000000000000000e+00 2.579615390518286699e-01 0.000000000000000000e+00 1.000000000000000000e+00 1.000000000000000000e+00 1.000000000000000000e+00
0.000000000000000000e+00 4.101262734093820694e-01 0.000000000000000000e+00 2.579615390518286699e-01 0.000000000000000000e+00 1.000000000000000000e+00 1.000000000000000000e+00 1.000000000000000000e+00
0.000000000000000000e+00 4.101262734093820694e-01 0.000000000000000000e+00 2.579615390518286699e-01 0.000000000000000000e+00 1.000000000000000000e+00 1.000000000000000000e+00 1.000000000000000000e+00
0.000000000000000000e+00 4.101262734093820694e-01 0.000000000000000000e+00 2.579615390518286699e-01 0.000000000000000000e+00 1.000000000000000000e+00 1.000000000000000000e+00 1.000000000000000000e+00
0.000000000000000000e+00 4.101262734093820694e-01 0.000000000000000000e+00 2.579615390518286699e-01 0.000000000000000000e+00 1.000000000000000000e+00 1.000000000000000000e+00 1.000000000000000000e+00
0.000000000000000000e+00 4.101262734093820694e-01 0.000000000000000000e+00 2.579615390518286699e-01 0.000000000000000000e+00 1.000000000000000000e+00 1.000000000000000000e+00 1.000000000000000000e+00
0.000000000000000000e+00 4.101262734093820694e-01 0.000000000000000000e+00 2.579615390518286699e-01 0.000000000000000000e+00 1.000000000000000000e+00 1.000000000000000000e+00 1.000000000000000000e+00
0.000000000000000000e+00 4.101262734093820694e-01 0.000000000000000000e+00 2.579615390518286699e-01 0.000000000000000000e+00 1.000000000000000000e+00 1.000000000000000000e+00 1.000000000000000000e+00
0.000000000000000000e+00 4.101262734093820694e-01 0.000000000000000000e+00 2.579615390518286699e-01 0.000000000000000000e+00 1.000000000000000000e+00 1.000000000000000000e+00 1.000000000000000000e+00
0.000000000000000000e+00 4.101262734093820694e-01 0.000000000000000000e+00 2.579615390518286699e-01 0.000000000000000000e+00 1.000000000000000000e+00 1.000000000000000000e+00 1.000000000000000000e+00
0.000000000000000000e+00 4.101262734093820694e-01 0.000000000000000000e+00 2.579615390518286699e-01 0.000000000000000000e+00 1.000000000000000000e+00 1.000000000000000000e+00 1.000000000000000000e+00
0.000000000000000000e+00 4.101262734093820694e-01 0.000000000000000000e+00 2.579615390518286699e-01 0.000000000000000000e+00 1.000000000000000000e+00 1.000000000000000000e+00 1.000000000000000000e+00
0.000000000000000000e+00 4.101262734093820694e-01 0.000000000000000000e+00 2.579615390518286699e-01 0.000000000000000000e+00 1.000000000000000000e+00 1.000000000000000000e+00 1.000000000000000000e+00
0.000000000000000000e+00 4.101262734093820694e-01 0.000000000000000000e+00 2.579615390518286699e-01 0.000000000000000000e+00 1.000000000000000000e+00 1.000000000000000000e+00 1.000000000000000000e+00
