2.648415034044974692e-01 6.787712445898871905e-02 2.636489921774023415e-01 3.513277237460386837e-02 2.663191296464189062e-01 9.984472049689441242e-01 9.921293161814488393e-01 9.984472049689441242e-01
5.326644059966531008e-01 8.592236253090131115e-02 9.940536736246949889e-01 4.489282971444529674e-02 4.302934146542487515e-01 9.984472049689441242e-01 7.676314601670052307e-01 9.984472049689441242e-01
6.890002758144724293e-01 1.099709252608175036e-01 9.940536736246949889e-01 5.819004524886877555e-02 5.651734937773016387e-01 9.984472049689441242e-01 5.829665989618596500e-01 9.984472049689441242e-01
7.002494743013152334e-01 1.126094570928196231e-01 9.940536736246949889e-01 5.966963622865627259e-02 5.764650127750762243e-01 9.984472049689441242e-01 5.675073346874294211e-01 9.984472049689441242e-01
7.048783240473674994e-01 1.137499447171730488e-01 9.940536736246949889e-01 6.031046288045772280e-02 5.811835489985989200e-01 9.984472049689441242e-01 5.610471676822387233e-01 9.984472049689441242e-01
7.099488671357730984e-01 1.147100930565497501e-01 9.938656672716841278e-01 6.086213444739840828e-02 5.864378142256655435e-01 9.953416149068322616e-01 5.538535319341006957e-01 9.953416149068322616e-01
7.237818433682842167e-01 1.184405025868440625e-01 9.938738152938780823e-01 6.296660117878193075e-02 6.009437072447045836e-01 9.953416149068322616e-01 5.339934552019860448e-01 9.953416149068322616e-01
7.613070999561865060e-01 1.242064304730698260e-01 9.911495591505308234e-01 6.648761236570926991e-02 6.431220637929614403e-01 9.417701863354037695e-01 4.762468968630105826e-01 9.417701863354037695e-01
7.915414449581691381e-01 1.302062729584628487e-01 9.892076951470034629e-01 7.021393307734503930e-02 6.797164757273552738e-01 8.944099378881987805e-01 4.261453396524486625e-01 8.944099378881987805e-01
7.994972617071126608e-01 1.338212232096184229e-01 9.893197327630776083e-01 7.232092410069684840e-02 6.895656474078959430e-01 8.944099378881987805e-01 4.126607989167230817e-01 8.944099378881987805e-01
8.087711196315722217e-01 1.382626991283438522e-01 9.891400983578669814e-01 7.493321170261288411e-02 7.013722904475399034e-01 8.928571428571429047e-01 3.964962762356127324e-01 8.928571428571429047e-01
8.468134663077006019e-01 1.425914445133291963e-01 9.891869941462527738e-01 7.748281902708530067e-02 7.117365861699498364e-01 8.928571428571429047e-01 3.823064770932069756e-01 8.928571428571429047e-01
8.797740293865768946e-01 1.575516365882110581e-01 9.881024368874854469e-01 8.641324802408731354e-02 7.428912882222040714e-01 8.913043478260869179e-01 3.396524486571879664e-01 8.913043478260869179e-01
8.882793129648887120e-01 1.635193133047210534e-01 9.878223857769512506e-01 9.005672864796722410e-02 7.548215610318965707e-01 8.874223602484472284e-01 3.233186639584743616e-01 8.874223602484472284e-01
8.894043506874257377e-01 1.709017315043849516e-01 9.877168157717246544e-01 9.458226167759063718e-02 7.678026868870024835e-01 8.850931677018633037e-01 3.055461521101331401e-01 8.850931677018633037e-01
8.907244413759251023e-01 1.737737432298420703e-01 9.877466647141627254e-01 9.635394636663564827e-02 7.725624330338746182e-01 8.843167701863353658e-01 2.990295644324080238e-01 8.843167701863353658e-01
9.270124629381660819e-01 1.777153119387834823e-01 9.877934780292726424e-01 9.879329802934282145e-02 7.787645264979807802e-01 8.835403726708074279e-01 2.905382532159783149e-01 8.835403726708074279e-01
9.281752274965678895e-01 1.803578528827037564e-01 9.876488926758739684e-01 1.004695667582174157e-01 7.834006428748042650e-01 8.804347826086956763e-01 2.841909275558564540e-01 8.804347826086956763e-01
9.304229059165628479e-01 1.852555106084372294e-01 9.873953431952712245e-01 1.036489607390300299e-01 7.926522706667765705e-01 8.711180124223601995e-01 2.715244865718799416e-01 8.711180124223601995e-01
9.337867009100462301e-01 1.581096342628789952e-01 9.816223138593397346e-01 8.901496625256774542e-02 8.206469957965878415e-01 7.065217391304348116e-01 2.605788761002031384e-01 7.065217391304348116e-01
9.346834131478910512e-01 1.620553359683794270e-01 9.814435479584524558e-01 9.162941893539211513e-02 8.281884117695540448e-01 7.003105590062111974e-01 2.502538930264048833e-01 7.003105590062111974e-01
9.353726664140374902e-01 6.687961668995806575e-02 9.669851496979153804e-01 3.837342497136311814e-02 8.593769059589549952e-01 2.600931677018633592e-01 2.349356804333107562e-01 4.600931677018633703e-01
9.369491164898186009e-01 3.756745537567455356e-02 9.633702663172934999e-01 2.168183996166746577e-02 8.640748372208028050e-01 1.405279503105590078e-01 2.285037237643872676e-01 4.405279503105590244e-01
9.372988839253636462e-01 3.875968992248061962e-02 9.634882141192967486e-01 2.249999999999999917e-02 8.610393142668755218e-01 1.397515527950310421e-01 2.189686301060708717e-01 4.397515527950310310e-01
9.380659881049155935e-01 3.904268225432888650e-02 9.635705224787767254e-01 2.275356729656768245e-02 8.654693810269513676e-01 1.374223602484472007e-01 2.129034078086210757e-01 4.374223602484472173e-01
9.381254040320318177e-01 3.649470601486821952e-02 9.633411310119667226e-01 2.134387351778656294e-02 8.690134344350119999e-01 1.257763975155279379e-01 2.080512299706612500e-01 4.257763975155279268e-01
9.388536342738659224e-01 3.505154639175258463e-02 9.632715820843780197e-01 2.055898951894652091e-02 8.718775241078052796e-01 1.187888198757763997e-01 2.041299932295193020e-01 4.187888198757763747e-01
9.394384711533577681e-01 3.464713405417974706e-02 9.633074043875740067e-01 2.037467523588130588e-02 8.744531443171515983e-01 1.156832298136645926e-01 2.006037011961182559e-01 4.156832298136645676e-01
9.400300939296319935e-01 3.423444693660724486e-02 9.633439563835983765e-01 2.018655158011972706e-02 8.770493694881728031e-01 1.125776397515527993e-01 1.970491988264500005e-01 4.125776397515528160e-01
9.402491715732119726e-01 3.411821239788563609e-02 9.633237147596911409e-01 2.018192154633314389e-02 8.799340641226408577e-01 1.102484472049689440e-01 1.930997517490408433e-01 4.102484472049689468e-01
9.403328416922803745e-01 3.426904848705796675e-02 9.633975084221909624e-01 2.031407578158766700e-02 9.203709305200692414e-01 1.094720496894409922e-01 1.904479801399232564e-01 4.094720496894410089e-01
9.404271448610483919e-01 3.357195754134782023e-02 9.634056087771247778e-01 1.995890813031992936e-02 9.208847358443913445e-01 1.055900621118012472e-01 1.870063191153238658e-01 4.055900621118012639e-01
9.471603981333635014e-01 3.356236786469345146e-02 9.637285353203109972e-01 2.022292993630573146e-02 9.212023407236463735e-01 9.860248447204969513e-02 1.721958925750395053e-01 3.960248447204969269e-01
9.495499168333719764e-01 3.335593220338983061e-02 9.638245845049279170e-01 2.020699852143913178e-02 9.220966784801781779e-01 9.549689440993788803e-02 1.668641390205371222e-01 3.849689440993788736e-01
9.512083502343823271e-01 3.267792855164774329e-02 9.636657905621992537e-01 1.988540613414222988e-02 9.221813731146460968e-01 9.161490683229814302e-02 1.629146919431279650e-01 3.771490683229814511e-01
9.554801028133754759e-01 1.629629629629629484e-02 9.623673103649398319e-01 1.006957158549981642e-02 9.228615428995302628e-01 4.270186335403726441e-02 1.517151884450462784e-01 3.760186335403726265e-01
9.579152336016386604e-01 1.044386422976501319e-02 9.620267515485508847e-01 6.509668772735975606e-03 9.231110046979312811e-01 2.639751552795031181e-02 1.456781764838636917e-01 3.739751552795030909e-01
9.616045118869159802e-01 1.063144329896907256e-02 9.622408198058191031e-01 6.707317073170731593e-03 9.234318882386878258e-01 2.562111801242236003e-02 1.372432859399684013e-01 3.722111801242236062e-01
9.663240603096978631e-01 1.133241758241758206e-02 9.625989877983660570e-01 7.275132275132274728e-03 9.236235885601253859e-01 2.562111801242236003e-02 1.264387271496276166e-01 3.712111801242236053e-01
9.675766580092184377e-01 1.118881118881119054e-02 9.626779658738507939e-01 7.220216606498195203e-03 9.237458996126267641e-01 2.484472049689440826e-02 1.235330625141051741e-01 3.684472049689440643e-01
9.689981993182276154e-01 1.142857142857143030e-02 9.627493233483709334e-01 7.421150278293135553e-03 9.241772850902497671e-01 2.484472049689440826e-02 1.202042428345745928e-01 3.684472049689440643e-01
9.723589173141925501e-01 1.203912716328065999e-02 9.629325507781563154e-01 7.944389275074478438e-03 9.259466743591858728e-01 2.484472049689440826e-02 1.123053486797562645e-01 3.684472049689440643e-01
9.747234675314417895e-01 1.250000000000000069e-02 9.631186773519974098e-01 8.350730688935281004e-03 9.269852468474408802e-01 2.484472049689440826e-02 1.067761227713834304e-01 3.684472049689440643e-01
9.769463037956686025e-01 1.297911174204015305e-02 9.632517408189020802e-01 8.783969256107602985e-03 9.278383746806231347e-01 2.484472049689440826e-02 1.015007898894154797e-01 3.684472049689440643e-01
9.785002893974119598e-01 1.291935819962492134e-02 9.633525310297901267e-01 8.829393335232128132e-03 9.285376246600182126e-01 2.406832298136645995e-02 9.780523583841119195e-02 1.406832298136646009e-01
9.794796546452166908e-01 1.230638659028219714e-02 9.633880802898723283e-01 8.467153284671532706e-03 9.302684414406989788e-01 2.251552795031055987e-02 9.543556759196569761e-02 1.251552795031055931e-01
9.802770287557595053e-01 1.205857019810508204e-02 9.634297526087683972e-01 8.343265792610250753e-03 9.316695788345834561e-01 2.173913043478260809e-02 9.351726472579553751e-02 1.173913043478260754e-01
9.811304269866665262e-01 1.224846894138232820e-02 9.634959267478184763e-01 8.526187576126675188e-03 9.321531360751669215e-01 2.173913043478260809e-02 9.148612051455654037e-02 1.173913043478260754e-01
9.818993225415633130e-01 1.242511648546705191e-02 9.635554221363761274e-01 8.698353525939733419e-03 9.344924585840270748e-01 2.173913043478260809e-02 8.965244865718799416e-02 1.173913043478260754e-01
9.827405954820693790e-01 1.263537906137184204e-02 9.635801250502652460e-01 8.905852417302798779e-03 9.359966207862854271e-01 2.173913043478260809e-02 8.759309410968178777e-02 1.173913043478260754e-01
9.836476368036290996e-01 1.285878300803674004e-02 9.636500914527528217e-01 9.129442451907401890e-03 9.365832028352427674e-01 2.173913043478260809e-02 8.542089821710674435e-02 1.173913043478260754e-01
9.844000017845498940e-01 1.305057096247960909e-02 9.637080013143345392e-01 9.324009324009324001e-03 9.379019203824281448e-01 2.173913043478260809e-02 8.361543669600542128e-02 1.173913043478260754e-01
9.848929838039091056e-01 1.317957166392092275e-02 9.637458849227236168e-01 9.456264775413711354e-03 9.387673287727685834e-01 2.173913043478260809e-02 8.243060257278267411e-02 1.173913043478260754e-01
9.853633827363086350e-01 1.283574994057523101e-02 9.637619906803022163e-01 9.249743062692702966e-03 9.396121322014341359e-01 2.096273291925465979e-02 8.127397878582712232e-02 1.096273291925465992e-01
9.859721880623937285e-01 1.299638989169674998e-02 9.638086802944679787e-01 9.417509591907917768e-03 9.400835902085221685e-01 2.096273291925465979e-02 7.980704129993229645e-02 1.096273291925465992e-01
9.864165058322523771e-01 1.311634685450571020e-02 9.638427087103539348e-01 9.544008483563097209e-03 9.405665787521635401e-01 2.096273291925465979e-02 7.873504852177838631e-02 1.096273291925465992e-01
9.869420411370963819e-01 1.326129666011787757e-02 9.638829066234568810e-01 9.698275862068965816e-03 9.410938020275283478e-01 2.096273291925465979e-02 7.746558338975401137e-02 1.096273291925465992e-01
9.874902050359285477e-01 1.341614906832298143e-02 9.639247770592517250e-01 9.864815491413957138e-03 9.413622352262425164e-01 2.096273291925465979e-02 7.613969758519521791e-02 1.096273291925465992e-01
9.881190933814162358e-01 1.359858977587509454e-02 9.639727402801040457e-01 1.006336190831159071e-02 9.414749031566801429e-01 2.096273291925465979e-02 7.461633942676597353e-02 1.096273291925465992e-01
9.890632641080920884e-01 1.389603705609881307e-02 9.640049719442631559e-01 1.039260969976905230e-02 9.421851149756862442e-01 2.096273291925465979e-02 7.227488151658767457e-02 1.096273291925465992e-01
9.903729704398646083e-01 1.431221839385104708e-02 9.641044913700931307e-01 1.086519114688128812e-02 9.425134756449353723e-01 2.096273291925465979e-02 6.908711351839313952e-02 1.096273291925465992e-01
9.917283271236361220e-01 1.479452054794520854e-02 9.641480792263215083e-01 1.143099068585944067e-02 9.429860710459079254e-01 2.096273291925465979e-02 6.570187316632813967e-02 1.096273291925465992e-01
9.932131580379779390e-01 1.533655211587617133e-02 9.642603198267517550e-01 1.209135691894312574e-02 9.456441111019533441e-01 2.096273291925465979e-02 6.206273978785827039e-02 1.096273291925465992e-01
9.942573007113669759e-01 1.574344023323615352e-02 9.643389918479814416e-01 1.260504201680672301e-02 9.475191626143575352e-01 2.096273291925465979e-02 5.949559918754231819e-02 1.096273291925465992e-01
9.954244321428328268e-01 1.622596153846153980e-02 9.644266812803742317e-01 1.323529411764705864e-02 9.496208687051842512e-01 2.096273291925465979e-02 5.661814488828707109e-02 1.096273291925465992e-01
9.962804497307821139e-01 1.660006148170919266e-02 9.644908293338926297e-01 1.374045801526717521e-02 9.511662408307921535e-01 2.096273291925465979e-02 5.450236966824644619e-02 1.096273291925465992e-01
9.970663694396896259e-01 1.695979899497487495e-02 9.645496006908150788e-01 1.424050632911392361e-02 9.525879831863512948e-01 2.096273291925465979e-02 5.255585646580906989e-02 1.096273291925465992e-01
9.975553640699533764e-01 1.719197707736389372e-02 9.645861082772487771e-01 1.457096600107933050e-02 9.534739965383665083e-01 2.096273291925465979e-02 5.134281200631911346e-02 1.096273291925465992e-01
9.981572547670589657e-01 1.748704663212435201e-02 9.646309818826795945e-01 1.499999999999999944e-02 9.545660595071293608e-01 2.096273291925465979e-02 4.984766418415707834e-02 1.096273291925465992e-01
9.988148877435739648e-01 1.782178217821782373e-02 9.646799324913949425e-01 1.549942594718714192e-02 9.557611472842660882e-01 2.096273291925465979e-02 4.821146468065898999e-02 1.096273291925465992e-01
9.995845253377322326e-01 1.823092505064146177e-02 9.647371158408671876e-01 1.612903225806451568e-02 9.571622846781505656e-01 2.096273291925465979e-02 4.629316181448882989e-02 1.096273291925465992e-01
1.000149487168225715e+00 1.854395604395604399e-02 9.647790205832683652e-01 1.662561576354679854e-02 9.581925327618890931e-01 2.096273291925465979e-02 4.488264500112841560e-02 1.096273291925465992e-01
1.000535185512031466e+00 1.739735560194850469e-02 9.647690721982286055e-01 1.576292559899117318e-02 9.589343113821808817e-01 1.940993788819875623e-02 4.386707289550891703e-02 9.940993788819875443e-02
9.814472943772684088e-01 1.769285208775654705e-02 9.648091583463057619e-01 1.625487646293888311e-02 9.599233495425698592e-01 1.940993788819875623e-02 4.251297675468291432e-02 9.940993788819875443e-02
9.817232823375626749e-01 1.785076758300607053e-02 9.648299931153906384e-01 1.652346331791143541e-02 9.604384735844392340e-01 1.940993788819875623e-02 4.180771834800271064e-02 9.940993788819875443e-02
9.822746717900889823e-01 1.817520901490366977e-02 9.648715737199683451e-01 1.708817498291182596e-02 9.614687216681777615e-01 1.940993788819875623e-02 4.039720153464229635e-02 9.940993788819875443e-02
9.825069471302867452e-01 1.759530791788856130e-02 9.648698897140634001e-01 1.666666666666666644e-02 9.619220308250227003e-01 1.863354037267080793e-02 3.977657413676371351e-02 9.863354037267080265e-02
9.828592066564721952e-01 1.780415430267062379e-02 9.648964234419058483e-01 1.704545454545454419e-02 9.625813895986153890e-01 1.863354037267080793e-02 3.887384337621304503e-02 9.863354037267080265e-02
9.831570829328709626e-01 1.724784401949756157e-02 9.648996925852373341e-01 1.667875271936185635e-02 9.631583285255089777e-01 1.785714285714285615e-02 3.808395396073121358e-02 9.785714285714285088e-02
9.834977597095945212e-01 1.745068285280728174e-02 9.649253271839502988e-01 1.706231454005934650e-02 9.637970823374268914e-01 1.785714285714285615e-02 3.720943353644775436e-02 9.785714285714285088e-02
9.840137002309160552e-01 1.776747779065276575e-02 9.649641066724559124e-01 1.767870868562644235e-02 9.647655155361412049e-01 1.785714285714285615e-02 3.588354773188896091e-02 9.785714285714285088e-02
9.845289557271097447e-01 1.809598741148701548e-02 9.650027830415296437e-01 1.834130781499202639e-02 9.657339487348554075e-01 1.785714285714285615e-02 3.455766192733017439e-02 9.785714285714285088e-02
9.849694888708176999e-01 1.602564102564102769e-02 9.649786313555335227e-01 1.655629139072847811e-02 9.666199620868706210e-01 1.552795031055900603e-02 3.334461746784021796e-02 9.552795031055900943e-02
9.854178625773132305e-01 1.629327902240325712e-02 9.650122706797719108e-01 1.713796058269066030e-02 9.674647655155361736e-01 1.552795031055900603e-02 3.218799368088467311e-02 9.552795031055900943e-02
9.858329655594177954e-01 1.654944145635085101e-02 9.650433791593183708e-01 1.771479185119574987e-02 9.682477540591775123e-01 1.552795031055900603e-02 3.111600090273075950e-02 9.552795031055900943e-02
9.861939052220655144e-01 1.679261125104954122e-02 9.650514038178608089e-01 1.828153564899451591e-02 9.689483227561197509e-01 1.552795031055900603e-02 3.015684946964567945e-02 9.552795031055900943e-02
9.864455038289139388e-01 1.612218922358930537e-02 9.650512533201465182e-01 1.777362020579981161e-02 9.694428418363142397e-01 1.475155279503105599e-02 2.947980139923267809e-02 9.475155279503105765e-02
9.867304023727520024e-01 1.547056295659647585e-02 9.650346432609940850e-01 1.732435033686236664e-02 9.700197807632078284e-01 1.397515527950310595e-02 2.868991198375084664e-02 9.397515527950310588e-02
9.870251511890321128e-01 1.566579634464751805e-02 9.650377658996156516e-01 1.782178217821782026e-02 9.705967196901014171e-01 1.397515527950310595e-02 2.790002256826901519e-02 9.397515527950310588e-02
9.872644995526703715e-01 1.581722319859402495e-02 9.650556890232104834e-01 1.821862348178137497e-02 9.710500288469463559e-01 1.397515527950310595e-02 2.727939517039043235e-02 9.397515527950310588e-02
9.875479513785280217e-01 1.512455516014234863e-02 9.650579766140362503e-01 1.770833333333333287e-02 9.716063628121651696e-01 1.319875776397515590e-02 2.651771609117580669e-02 9.319875776397515410e-02
9.879506168240786979e-01 1.448619284744228145e-02 9.650691984143884294e-01 1.737242128121607027e-02 9.723893513558065083e-01 1.242236024844720413e-02 2.544572331302188961e-02 9.242236024844720232e-02
9.881033342502338890e-01 1.459188326493388206e-02 9.650617289312634073e-01 1.767955801104972510e-02 9.726984257809281331e-01 1.242236024844720413e-02 2.502256826901376810e-02 9.242236024844720232e-02
9.883745295761255933e-01 1.476014760147601433e-02 9.650820177739836137e-01 1.818181818181818094e-02 9.732135498227973969e-01 1.242236024844720413e-02 2.431730986233355749e-02 9.242236024844720232e-02
9.885704190234065880e-01 1.396648044692737518e-02 9.650777940842892866e-01 1.744186046511627883e-02 9.736050440946180107e-01 1.164596273291925409e-02 2.378131347325660241e-02 9.164596273291925055e-02
9.888196172216209279e-01 1.411764705882352991e-02 9.650964270484581053e-01 1.792114695340501704e-02 9.740789582131377244e-01 1.164596273291925409e-02 2.313247573911081031e-02 9.164596273291925055e-02
9.890903023235312341e-01 1.428571428571428700e-02 9.651166531091535106e-01 1.847290640394088843e-02 9.745940822550070992e-01 1.164596273291925409e-02 2.242721733243060317e-02 9.164596273291925055e-02
9.893499813473194404e-01 1.445086705202311937e-02 9.651360435629274814e-01 1.903553299492385942e-02 9.750886013352015880e-01 1.164596273291925409e-02 2.175016926201760181e-02 9.164596273291925055e-02
9.897391720974176854e-01 1.470588235294117453e-02 9.651650805673409605e-01 1.994680851063829891e-02 9.758303799554933766e-01 1.164596273291925409e-02 2.073459715639810325e-02 9.164596273291925055e-02
9.902797604404112164e-01 1.408450704225352144e-02 9.651865768395538892e-01 2.000000000000000042e-02 9.768812330009066791e-01 1.086956521739130405e-02 1.929587000677047970e-02 9.086956521739129877e-02
