9.681859391741531873e-01 3.105590062111801206e-02 9.681859391741531873e-01 3.105590062111801206e-02 9.681859391741531873e-01 3.105590062111801206e-02 4.316181448882870642e-03 3.105590062111801206e-02
9.648479353828401939e-01 7.142857142857142461e-02 9.648479353828401939e-01 7.142857142857142461e-02 9.648479353828401939e-01 7.142857142857142461e-02 9.394041976980365208e-03 7.142857142857142461e-02
9.636322426440286915e-01 7.375776397515527993e-02 9.636322426440286915e-01 7.375776397515527993e-02 9.636322426440286915e-01 7.375776397515527993e-02 1.105845181674565587e-02 7.375776397515527993e-02
9.627668342536882529e-01 7.686335403726708704e-02 9.627668342536882529e-01 7.686335403726708704e-02 9.627668342536882529e-01 7.686335403726708704e-02 1.229970661250282156e-02 7.686335403726708704e-02
9.622105002884694391e-01 7.763975155279502494e-02 9.622105002884694391e-01 7.763975155279502494e-02 9.622105002884694391e-01 7.763975155279502494e-02 1.303317535545023623e-02 7.763975155279502494e-02
9.614275117448281005e-01 7.919254658385092849e-02 9.614275117448281005e-01 7.919254658385092849e-02 9.614275117448281005e-01 7.919254658385092849e-02 1.407695779733694405e-02 7.919254658385092849e-02
9.608093628945849618e-01 7.996894409937888026e-02 9.608093628945849618e-01 7.996894409937888026e-02 9.608093628945849618e-01 7.996894409937888026e-02 1.506431956668923509e-02 7.996894409937888026e-02
9.603354487760652480e-01 8.074534161490683204e-02 9.603354487760652480e-01 8.074534161490683204e-02 9.603354487760652480e-01 8.074534161490683204e-02 1.574136763710223472e-02 8.074534161490683204e-02
9.596142751174482344e-01 8.074534161490683204e-02 9.596142751174482344e-01 8.074534161490683204e-02 9.596142751174482344e-01 8.074534161490683204e-02 1.658767772511848468e-02 8.074534161490683204e-02
9.587900766504574568e-01 8.074534161490683204e-02 9.587900766504574568e-01 8.074534161490683204e-02 9.587900766504574568e-01 8.074534161490683204e-02 1.760324983073798324e-02 8.074534161490683204e-02
9.580070881068161182e-01 8.074534161490683204e-02 9.580070881068161182e-01 8.074534161490683204e-02 9.580070881068161182e-01 8.074534161490683204e-02 1.870345294515910611e-02 8.074534161490683204e-02
9.570180499464271406e-01 8.074534161490683204e-02 9.570180499464271406e-01 8.074534161490683204e-02 9.570180499464271406e-01 8.074534161490683204e-02 2.014218009478672966e-02 8.074534161490683204e-02
9.551636033956977245e-01 8.074534161490683204e-02 9.551636033956977245e-01 8.074534161490683204e-02 9.551636033956977245e-01 8.074534161490683204e-02 2.242721733243060317e-02 8.074534161490683204e-02
9.538448858485123472e-01 8.074534161490683204e-02 9.538448858485123472e-01 8.074534161490683204e-02 9.538448858485123472e-01 8.074534161490683204e-02 2.378131347325660241e-02 8.074534161490683204e-02
9.522995137229044449e-01 8.152173913043478382e-02 9.522995137229044449e-01 8.152173913043478382e-02 9.522995137229044449e-01 8.152173913043478382e-02 2.595350936583164236e-02 8.152173913043478382e-02
9.507747465589714286e-01 8.152173913043478382e-02 9.507747465589714286e-01 8.152173913043478382e-02 9.507747465589714286e-01 8.152173913043478382e-02 2.826675693974272166e-02 8.152173913043478382e-02
9.472306931509106853e-01 8.152173913043478382e-02 9.472306931509106853e-01 8.152173913043478382e-02 9.472306931509106853e-01 8.152173913043478382e-02 3.348566914917625731e-02 8.152173913043478382e-02
8.616994972389351304e-01 3.951863354037267184e-01 8.616994972389351304e-01 3.951863354037267184e-01 8.616994972389351304e-01 3.951863354037267184e-01 1.202606635071090113e-01 3.951863354037267184e-01
8.198096101541251235e-01 3.967391304347825942e-01 8.198096101541251235e-01 3.967391304347825942e-01 8.198096101541251235e-01 3.967391304347825942e-01 1.446626043782441862e-01 3.967391304347825942e-01
8.034492705843565563e-01 3.967391304347825942e-01 8.034492705843566673e-01 3.967391304347825942e-01 8.034492705843566673e-01 3.967391304347825942e-01 1.596987136086662207e-01 3.967391304347825942e-01
7.900766504574301408e-01 3.982919254658385255e-01 7.900766504574301408e-01 3.982919254658385255e-01 7.900766504574301408e-01 3.982919254658385255e-01 1.740295644324080238e-01 3.982919254658385255e-01
7.725006181488502932e-01 3.982919254658385255e-01 7.725006181488502932e-01 3.982919254658385255e-01 7.725006181488502932e-01 3.982919254658385255e-01 1.847777025502143899e-01 3.982919254658385255e-01
7.600552212972884192e-01 3.990683229813664634e-01 7.600552212972884192e-01 3.990683229813664634e-01 7.600552212972884192e-01 3.990683229813664634e-01 1.929587000677047970e-01 3.990683229813664634e-01
7.438391164592433880e-01 4.006211180124223947e-01 7.438391164592433880e-01 4.006211180124223392e-01 7.438391164592433880e-01 4.006211180124223392e-01 2.020424283457458725e-01 4.006211180124223392e-01
7.324033627297453775e-01 4.029503105590062639e-01 7.324033627297453775e-01 4.029503105590062084e-01 7.324033627297453775e-01 4.029503105590062084e-01 2.105055292259083721e-01 4.029503105590062084e-01
7.206997444984751811e-01 4.045031055900620842e-01 7.206997444984751811e-01 4.045031055900620842e-01 7.206997444984751811e-01 4.045031055900620842e-01 2.207740916271722087e-01 4.045031055900620842e-01
7.087282617654330208e-01 4.052795031055900776e-01 7.087282617654331318e-01 4.052795031055900776e-01 7.087282617654331318e-01 4.052795031055900776e-01 2.303091852854886046e-01 4.052795031055900776e-01
6.946550729415643666e-01 4.052795031055900776e-01 6.946550729415643666e-01 4.052795031055900776e-01 6.946550729415643666e-01 4.052795031055900776e-01 2.416497404649063374e-01 4.052795031055900776e-01
6.818593917415313177e-01 4.076086956521739468e-01 6.818593917415313177e-01 4.076086956521738913e-01 6.818593917415313177e-01 4.076086956521738913e-01 2.501128413450688370e-01 4.076086956521738913e-01
6.677243880326382275e-01 4.076086956521739468e-01 6.677243880326382275e-01 4.076086956521738913e-01 6.677243880326382275e-01 4.076086956521738913e-01 2.595633039945836051e-01 4.076086956521738913e-01
6.533627297453227234e-01 4.083850931677018847e-01 6.533627297453227234e-01 4.083850931677018847e-01 6.533627297453227234e-01 4.083850931677018847e-01 2.662773640261791863e-01 4.083850931677018847e-01
6.398458748866726609e-01 4.456521739130434590e-01 6.398458748866726609e-01 4.456521739130434590e-01 6.398458748866726609e-01 4.456521739130434590e-01 2.746840442338072674e-01 4.456521739130434590e-01
6.271944284183631479e-01 8.501552795031055432e-01 6.271944284183631479e-01 8.501552795031055432e-01 6.271944284183631479e-01 8.501552795031055432e-01 2.845858722635973836e-01 8.501552795031055432e-01
6.123176460891782691e-01 8.540372670807453437e-01 6.123176460891782691e-01 8.540372670807453437e-01 6.123176460891782691e-01 8.540372670807453437e-01 2.962931618144888368e-01 8.540372670807453437e-01
2.055344927058435633e-01 8.874223602484471174e-01 2.055344927058435633e-01 8.874223602484472284e-01 2.055344927058435633e-01 8.874223602484472284e-01 7.852064996614759318e-01 8.874223602484472284e-01
1.732877276848265036e-01 9.060559006211179600e-01 1.732877276848265036e-01 9.060559006211179600e-01 1.732877276848265036e-01 9.060559006211179600e-01 8.233468742947416263e-01 9.060559006211179600e-01
1.581636858155443803e-01 9.114906832298136363e-01 1.581636858155443803e-01 9.114906832298136363e-01 1.581636858155443803e-01 9.114906832298136363e-01 8.394831866395847664e-01 9.114906832298136363e-01
1.481496744416055389e-01 9.114906832298136363e-01 1.481496744416055389e-01 9.114906832298136363e-01 1.481496744416055389e-01 9.114906832298136363e-01 8.503159557661927881e-01 9.114906832298136363e-01
1.403609989285419801e-01 9.114906832298136363e-01 1.403609989285419801e-01 9.114906832298136363e-01 1.403609989285419801e-01 9.114906832298136363e-01 8.570018054615210490e-01 9.114906832298136363e-01
1.337880161542899515e-01 9.114906832298136363e-01 1.337880161542899515e-01 9.114906832298136363e-01 1.337880161542899515e-01 9.114906832298136363e-01 8.619386143082825580e-01 9.114906832298136363e-01
1.267823291848677036e-01 9.114906832298136363e-01 1.267823291848677036e-01 9.114906832298136363e-01 1.267823291848677036e-01 9.114906832298136363e-01 8.671857368539832578e-01 9.114906832298136363e-01
1.204566059507129333e-01 9.114906832298136363e-01 1.204566059507129333e-01 9.114906832298136363e-01 1.204566059507129333e-01 9.114906832298136363e-01 8.729970661250282538e-01 9.114906832298136363e-01
1.124206708975521302e-01 9.114906832298136363e-01 1.124206708975521302e-01 9.114906832298136363e-01 1.124206708975521302e-01 9.114906832298136363e-01 8.783006093432633721e-01 9.114906832298136363e-01
1.046526003461633603e-01 9.114906832298136363e-01 1.046526003461633603e-01 9.114906832298136363e-01 1.046526003461633603e-01 9.114906832298136363e-01 8.843376213044459311e-01 9.114906832298136363e-01
9.735844391329431802e-02 9.114906832298136363e-01 9.735844391329431802e-02 9.114906832298136363e-01 9.735844391329431802e-02 9.114906832298136363e-01 8.910234709997743030e-01 9.114906832298136363e-01
9.259869776642215555e-02 9.114906832298136363e-01 9.259869776642215555e-02 9.114906832298136363e-01 9.259869776642215555e-02 9.114906832298136363e-01 8.951421800947867435e-01 9.114906832298136363e-01
8.870436000989036229e-02 9.114906832298136363e-01 8.870436000989037617e-02 9.114906832298136363e-01 8.870436000989037617e-02 9.114906832298136363e-01 8.984145791017829064e-01 9.114906832298136363e-01
8.483062721503338566e-02 9.114906832298136363e-01 8.483062721503338566e-02 9.114906832298136363e-01 8.483062721503338566e-02 9.114906832298136363e-01 9.014895057549086044e-01 9.114906832298136363e-01
8.105991922855022846e-02 9.114906832298136363e-01 8.105991922855022846e-02 9.114906832298136363e-01 8.105991922855022846e-02 9.114906832298136363e-01 9.046208530805687209e-01 9.114906832298136363e-01
7.588807384818263557e-02 9.114906832298136363e-01 7.588807384818263557e-02 9.114906832298136363e-01 7.588807384818263557e-02 9.114906832298136363e-01 9.082881967953058133e-01 9.114906832298136363e-01
5.833264650127750750e-02 9.130434782608695121e-01 5.833264650127750750e-02 9.130434782608695121e-01 5.833264650127750750e-02 9.130434782608695121e-01 9.276686978108779069e-01 9.130434782608695121e-01
3.309156844968268174e-02 1.000000000000000000e+00 3.309156844968268174e-02 1.000000000000000000e+00 3.309156844968268174e-02 1.000000000000000000e+00 9.610415256149853480e-01 1.000000000000000000e+00
2.897057611472842603e-02 1.000000000000000000e+00 2.897057611472842603e-02 1.000000000000000000e+00 2.897057611472842603e-02 1.000000000000000000e+00 9.654987587452041886e-01 1.000000000000000000e+00
2.511744828154619663e-02 1.000000000000000000e+00 2.511744828154619663e-02 1.000000000000000000e+00 2.511744828154619663e-02 1.000000000000000000e+00 9.682351613631234866e-01 1.000000000000000000e+00
2.305695211406906878e-02 1.000000000000000000e+00 2.305695211406906878e-02 1.000000000000000000e+00 2.305695211406906878e-02 1.000000000000000000e+00 9.705201986007673254e-01 1.000000000000000000e+00
2.144976510343690745e-02 1.000000000000000000e+00 2.144976510343690745e-02 1.000000000000000000e+00 2.144976510343690745e-02 1.000000000000000000e+00 9.723820807944030253e-01 1.000000000000000000e+00
1.947168878265886569e-02 1.000000000000000000e+00 1.947168878265886569e-02 1.000000000000000000e+00 1.947168878265886569e-02 1.000000000000000000e+00 9.743568043331076733e-01 1.000000000000000000e+00
1.817357619714827371e-02 1.000000000000000000e+00 1.817357619714827371e-02 1.000000000000000000e+00 1.817357619714827371e-02 1.000000000000000000e+00 9.757391108102008159e-01 1.000000000000000000e+00
1.681364872661336718e-02 1.000000000000000000e+00 1.681364872661336718e-02 1.000000000000000000e+00 1.681364872661336718e-02 1.000000000000000000e+00 9.773470999774317436e-01 1.000000000000000000e+00
1.543311629440369259e-02 1.000000000000000000e+00 1.543311629440369259e-02 1.000000000000000000e+00 1.543311629440369259e-02 1.000000000000000000e+00 9.788704581358609325e-01 1.000000000000000000e+00
1.462952278908761193e-02 1.000000000000000000e+00 1.462952278908761193e-02 1.000000000000000000e+00 1.462952278908761193e-02 1.000000000000000000e+00 9.799706612502820935e-01 1.000000000000000000e+00
1.399076897716970171e-02 1.000000000000000000e+00 1.399076897716970171e-02 1.000000000000000000e+00 1.399076897716970171e-02 1.000000000000000000e+00 9.808451816745655805e-01 1.000000000000000000e+00
1.306354570180499365e-02 1.000000000000000000e+00 1.306354570180499539e-02 1.000000000000000000e+00 1.306354570180499539e-02 1.000000000000000000e+00 9.821146468065898860e-01 1.000000000000000000e+00
1.248660677491139799e-02 1.000000000000000000e+00 1.248660677491139799e-02 1.000000000000000000e+00 1.248660677491139799e-02 1.000000000000000000e+00 9.829045362220717452e-01 1.000000000000000000e+00
1.182724800131871624e-02 1.000000000000000000e+00 1.182724800131871798e-02 1.000000000000000000e+00 1.182724800131871798e-02 1.000000000000000000e+00 9.838072669826224415e-01 1.000000000000000000e+00
1.106486441935218036e-02 1.000000000000000000e+00 1.106486441935218036e-02 1.000000000000000000e+00 1.106486441935218036e-02 1.000000000000000000e+00 9.848510494245091840e-01 1.000000000000000000e+00
9.787356795516359911e-03 1.000000000000000000e+00 9.787356795516359911e-03 1.000000000000000000e+00 9.787356795516359911e-03 1.000000000000000000e+00 9.866000902730760469e-01 1.000000000000000000e+00
0.000000000000000000e+00 1.000000000000000000e+00 0.000000000000000000e+00 1.000000000000000000e+00 0.000000000000000000e+00 1.000000000000000000e+00 1.000000000000000000e+00 1.000000000000000000e+00
0.000000000000000000e+00 1.000000000000000000e+00 0.000000000000000000e+00 1.000000000000000000e+00 0.000000000000000000e+00 1.000000000000000000e+00 1.000000000000000000e+00 1.000000000000000000e+00
0.000000000000000000e+00 1.000000000000000000e+00 0.000000000000000000e+00 1.000000000000000000e+00 0.000000000000000000e+00 1.000000000000000000e+00 1.000000000000000000e+00 1.000000000000000000e+00
0.000000000000000000e+00 1.000000000000000000e+00 0.000000000000000000e+00 1.000000000000000000e+00 0.000000000000000000e+00 1.000000000000000000e+00 1.000000000000000000e+00 1.000000000000000000e+00
0.000000000000000000e+00 1.000000000000000000e+00 0.000000000000000000e+00 1.000000000000000000e+00 0.000000000000000000e+00 1.000000000000000000e+00 1.000000000000000000e+00 1.000000000000000000e+00
0.000000000000000000e+00 1.000000000000000000e+00 0.000000000000000000e+00 1.000000000000000000e+00 0.000000000000000000e+00 1.000000000000000000e+00 1.000000000000000000e+00 1.000000000000000000e+00
0.000000000000000000e+00 1.000000000000000000e+00 0.000000000000000000e+00 1.000000000000000000e+00 0.000000000000000000e+00 1.000000000000000000e+00 1.000000000000000000e+00 1.000000000000000000e+00
0.000000000000000000e+00 1.000000000000000000e+00 0.000000000000000000e+00 1.000000000000000000e+00 0.000000000000000000e+00 1.000000000000000000e+00 1.000000000000000000e+00 1.000000000000000000e+00
0.000000000000000000e+00 1.000000000000000000e+00 0.000000000000000000e+00 1.000000000000000000e+00 0.000000000000000000e+00 1.000000000000000000e+00 1.000000000000000000e+00 1.000000000000000000e+00
0.000000000000000000e+00 1.000000000000000000e+00 0.000000000000000000e+00 1.000000000000000000e+00 0.000000000000000000e+00 1.000000000000000000e+00 1.000000000000000000e+00 1.000000000000000000e+00
0.000000000000000000e+00 1.000000000000000000e+00 0.000000000000000000e+00 1.000000000000000000e+00 0.000000000000000000e+00 1.000000000000000000e+00 1.000000000000000000e+00 1.000000000000000000e+00
0.000000000000000000e+00 1.000000000000000000e+00 0.000000000000000000e+00 1.000000000000000000e+00 0.000000000000000000e+00 1.000000000000000000e+00 1.000000000000000000e+00 1.000000000000000000e+00
0.000000000000000000e+00 1.000000000000000000e+00 0.000000000000000000e+00 1.000000000000000000e+00 0.000000000000000000e+00 1.000000000000000000e+00 1.000000000000000000e+00 1.000000000000000000e+00
0.000000000000000000e+00 1.000000000000000000e+00 0.000000000000000000e+00 1.000000000000000000e+00 0.000000000000000000e+00 1.000000000000000000e+00 1.000000000000000000e+00 1.000000000000000000e+00
0.000000000000000000e+00 1.000000000000000000e+00 0.000000000000000000e+00 1.000000000000000000e+00 0.000000000000000000e+00 1.000000000000000000e+00 1.000000000000000000e+00 1.000000000000000000e+00
0.000000000000000000e+00 1.000000000000000000e+00 0.000000000000000000e+00 1.000000000000000000e+00 0.000000000000000000e+00 1.000000000000000000e+00 1.000000000000000000e+00 1.000000000000000000e+00
0.000000000000000000e+00 1.000000000000000000e+00 0.000000000000000000e+00 1.000000000000000000e+00 0.000000000000000000e+00 1.000000000000000000e+00 1.000000000000000000e+00 1.000000000000000000e+00
0.000000000000000000e+00 1.000000000000000000e+00 0.000000000000000000e+00 1.000000000000000000e+00 0.000000000000000000e+00 1.000000000000000000e+00 1.000000000000000000e+00 1.000000000000000000e+00
0.000000000000000000e+00 1.000000000000000000e+00 0.000000000000000000e+00 1.000000000000000000e+00 0.000000000000000000e+00 1.000000000000000000e+00 1.000000000000000000e+00 1.000000000000000000e+00
0.000000000000000000e+00 1.000000000000000000e+00 0.000000000000000000e+00 1.000000000000000000e+00 0.000000000000000000e+00 1.000000000000000000e+00 1.000000000000000000e+00 1.000000000000000000e+00
0.000000000000000000e+00 1.000000000000000000e+00 0.000000000000000000e+00 1.000000000000000000e+00 0.000000000000000000e+00 1.000000000000000000e+00 1.000000000000000000e+00 1.000000000000000000e+00
0.000000000000000000e+00 1.000000000000000000e+00 0.000000000000000000e+00 1.000000000000000000e+00 0.000000000000000000e+00 1.000000000000000000e+00 1.000000000000000000e+00 1.000000000000000000e+00
0.000000000000000000e+00 1.000000000000000000e+00 0.000000000000000000e+00 1.000000000000000000e+00 0.000000000000000000e+00 1.000000000000000000e+00 1.000000000000000000e+00 1.000000000000000000e+00
0.000000000000000000e+00 1.000000000000000000e+00 0.000000000000000000e+00 1.000000000000000000e+00 0.000000000000000000e+00 1.000000000000000000e+00 1.000000000000000000e+00 1.000000000000000000e+00
0.000000000000000000e+00 1.000000000000000000e+00 0.000000000000000000e+00 1.000000000000000000e+00 0.000000000000000000e+00 1.000000000000000000e+00 1.000000000000000000e+00 1.000000000000000000e+00
0.000000000000000000e+00 1.000000000000000000e+00 0.000000000000000000e+00 1.000000000000000000e+00 0.000000000000000000e+00 1.000000000000000000e+00 1.000000000000000000e+00 1.000000000000000000e+00
0.000000000000000000e+00 1.000000000000000000e+00 0.000000000000000000e+00 1.000000000000000000e+00 0.000000000000000000e+00 1.000000000000000000e+00 1.000000000000000000e+00 1.000000000000000000e+00
0.000000000000000000e+00 1.000000000000000000e+00 0.000000000000000000e+00 1.000000000000000000e+00 0.000000000000000000e+00 1.000000000000000000e+00 1.000000000000000000e+00 1.000000000000000000e+00
0.000000000000000000e+00 1.000000000000000000e+00 0.000000000000000000e+00 1.000000000000000000e+00 0.000000000000000000e+00 1.000000000000000000e+00 1.000000000000000000e+00 1.000000000000000000e+00
0.000000000000000000e+00 1.000000000000000000e+00 0.000000000000000000e+00 1.000000000000000000e+00 0.000000000000000000e+00 1.000000000000000000e+00 1.000000000000000000e+00 1.000000000000000000e+00
0.000000000000000000e+00 1.000000000000000000e+00 0.000000000000000000e+00 1.000000000000000000e+00 0.000000000000000000e+00 1.000000000000000000e+00 1.000000000000000000e+00 1.000000000000000000e+00
0.000000000000000000e+00 1.000000000000000000e+00 0.000000000000000000e+00 1.000000000000000000e+00 0.000000000000000000e+00 1.000000000000000000e+00 1.000000000000000000e+00 1.000000000000000000e+00
0.000000000000000000e+00 1.000000000000000000e+00 0.000000000000000000e+00 1.000000000000000000e+00 0.000000000000000000e+00 1.000000000000000000e+00 1.000000000000000000e+00 1.000000000000000000e+00
