9.644719291863708133e-01 3.938515081206497292e-01
9.448284224566508849e-01 4.907192575406032486e-01
9.416757608827452941e-01 5.152262180974478412e-01
9.394325209166969337e-01 5.295823665893271137e-01
9.359160906996483176e-01 5.406032482598608357e-01
9.340366193767430936e-01 5.472737819025521588e-01
9.330665696616952109e-01 5.562645011600928502e-01
9.322784042682187300e-01 5.658352668213456615e-01
9.317933794106948442e-01 5.752610208816705262e-01
9.289438583727416265e-01 5.833816705336426489e-01
9.261549654419789501e-01 5.906322505800464251e-01
9.248211470837880421e-01 5.946925754060324865e-01
9.235479568327876754e-01 5.994779582366589477e-01
9.223353946889778499e-01 6.039733178654291823e-01
9.204559233660725148e-01 6.086136890951275857e-01
9.169394931490238987e-01 6.118039443155451895e-01
9.122105007881653460e-01 6.155742459396751354e-01
8.376379289438583564e-01 6.379060324825985839e-01
8.202376621801867884e-01 6.526972157772621408e-01
8.091427185643264020e-01 6.632830626450115785e-01
8.018067175942767966e-01 6.715487238979118700e-01
7.960470474111799311e-01 6.801044083526681661e-01
7.911967988359402959e-01 6.850348027842226850e-01
7.858615254031768860e-01 6.906902552204176038e-01
7.796774584697466759e-01 6.957656612529001805e-01
7.727658542500303041e-01 7.005510440835266417e-01
7.660361343518855559e-01 7.046113689095128141e-01
7.575481993452164442e-01 7.102668213457075108e-01
7.510609918758336390e-01 7.160672853828305984e-01
7.431187098338789543e-01 7.207076566125290018e-01
7.343276342912574695e-01 7.228828306264502013e-01
7.200194009943009510e-01 7.254930394431553520e-01
7.014672001940099877e-01 7.314385150812064973e-01
6.698799563477628727e-01 7.365139211136891850e-01
5.298290287377228625e-01 7.713167053364268222e-01
5.138838365466230629e-01 7.859628770301624323e-01
5.062446950406208623e-01 7.978538283062645009e-01
4.988480659633806047e-01 8.059744779582367347e-01
4.941797017097126488e-01 8.161252900232019991e-01
4.890869407057111817e-01 8.236658932714617798e-01
4.859342791318054799e-01 8.306264501160092184e-01
4.833272705226142607e-01 8.397621809744779675e-01
4.782951376258033349e-01 8.480278422273781480e-01
4.752637322662786601e-01 8.586136890951275857e-01
4.724748393355159282e-01 8.654292343387470776e-01
4.695646901903722803e-01 8.744199535962876579e-01
4.668970534739905198e-01 8.806554524361949188e-01
4.628349702922274767e-01 8.908062645011601832e-01
4.587122590032738922e-01 9.005220417633410523e-01
4.525888201770340569e-01 9.074825986078886020e-01
4.197890141869770608e-01 9.285092807424594197e-01
3.842609433733478741e-01 9.415603248259860614e-01
3.681944949678671031e-01 9.493909512761020686e-01
3.631017339638656360e-01 9.544663573085846453e-01
3.592821632108645358e-01 9.578016241299304179e-01
3.563113859585304022e-01 9.589617169373549910e-01
3.533406087061962131e-01 9.617169373549884215e-01
3.505517157754334812e-01 9.630220417633410523e-01
3.484297320237662032e-01 9.636020881670533944e-01
3.458227234145749840e-01 9.641821345707657365e-01
3.428519461622407949e-01 9.656322505800464251e-01
3.404268218746210883e-01 9.666473317865429404e-01
3.386079786589062945e-01 9.669373549883990560e-01
3.355159451921910785e-01 9.676624129930395668e-01
3.327876803686188878e-01 9.689675174013920866e-01
3.301200436522371828e-01 9.696925754060324865e-01
3.260579604704740841e-01 9.701276102088166597e-01
0.000000000000000000e+00 1.000000000000000000e+00
0.000000000000000000e+00 1.000000000000000000e+00
0.000000000000000000e+00 1.000000000000000000e+00
0.000000000000000000e+00 1.000000000000000000e+00
0.000000000000000000e+00 1.000000000000000000e+00
0.000000000000000000e+00 1.000000000000000000e+00
0.000000000000000000e+00 1.000000000000000000e+00
0.000000000000000000e+00 1.000000000000000000e+00
0.000000000000000000e+00 1.000000000000000000e+00
0.000000000000000000e+00 1.000000000000000000e+00
0.000000000000000000e+00 1.000000000000000000e+00
0.000000000000000000e+00 1.000000000000000000e+00
0.000000000000000000e+00 1.000000000000000000e+00
0.000000000000000000e+00 1.000000000000000000e+00
0.000000000000000000e+00 1.000000000000000000e+00
0.000000000000000000e+00 1.000000000000000000e+00
0.000000000000000000e+00 1.000000000000000000e+00
0.000000000000000000e+00 1.000000000000000000e+00
0.000000000000000000e+00 1.000000000000000000e+00
0.000000000000000000e+00 1.000000000000000000e+00
0.000000000000000000e+00 1.000000000000000000e+00
0.000000000000000000e+00 1.000000000000000000e+00
0.000000000000000000e+00 1.000000000000000000e+00
0.000000000000000000e+00 1.000000000000000000e+00
0.000000000000000000e+00 1.000000000000000000e+00
0.000000000000000000e+00 1.000000000000000000e+00
0.000000000000000000e+00 1.000000000000000000e+00
0.000000000000000000e+00 1.000000000000000000e+00
0.000000000000000000e+00 1.000000000000000000e+00
0.000000000000000000e+00 1.000000000000000000e+00
0.000000000000000000e+00 1.000000000000000000e+00
0.000000000000000000e+00 1.000000000000000000e+00
0.000000000000000000e+00 1.000000000000000000e+00
