9.444040257063174293e-01 3.239559164733178398e-01
9.360979750212198303e-01 4.225638051044082744e-01
9.330665696616952109e-01 4.772331786542923227e-01
9.300957924093610218e-01 5.172563805104408718e-01
9.276706681217412598e-01 5.349477958236659170e-01
9.246392627622165294e-01 5.478538283062645009e-01
9.210622044379774831e-01 5.572795823665893655e-01
9.186977082575481512e-01 5.652552204176334305e-01
9.160906996483569875e-01 5.717807424593968069e-01
9.123923851097369697e-01 5.788863109048724143e-01
9.105129137868315237e-01 5.845417633410673330e-01
9.069964835697829075e-01 5.887470997679814522e-01
9.036013095671152628e-01 5.964327146171694016e-01
9.002061355644477292e-01 6.006380510440835208e-01
8.962653085970655464e-01 6.133990719257540469e-01
8.921425973081120731e-01 6.173143851508120505e-01
8.886261670910633459e-01 6.209396751740139386e-01
8.847459682308718154e-01 6.257250580046403998e-01
8.828058688007760502e-01 6.287703016241299458e-01
8.798957196556324023e-01 6.328306264501160072e-01
8.762580332242025927e-01 6.355858468677494377e-01
8.727416030071541986e-01 6.389211136890950993e-01
8.700739662907723826e-01 6.442865429234339025e-01
8.659512550018187982e-01 6.480568445475638484e-01
8.604947253546744168e-01 6.521171693735499097e-01
8.535831211349582670e-01 6.557424593967516868e-01
8.413362434824784852e-01 6.603828306264500903e-01
8.159936946768521215e-01 6.676334106728538664e-01
7.986540560203710948e-01 6.706786542923434125e-01
7.731296228931733294e-01 6.735788863109049007e-01
7.417242633684976161e-01 6.761890951276101625e-01
7.174730204923003285e-01 6.789443155452435930e-01
7.105007881653935264e-01 6.811194895591646814e-01
7.029222747665817561e-01 6.835846867749419964e-01
6.958894143324845238e-01 6.853248259860789116e-01
6.898872317206257154e-01 6.883700696055684576e-01
6.830968837152904261e-01 6.906902552204176038e-01
6.763671638171456779e-01 6.934454756380510343e-01
6.694555595974294171e-01 6.960556844547564070e-01
6.611495089123317070e-01 7.001160092807424684e-01
6.540560203710440446e-01 7.034512761020881300e-01
6.470231599369468123e-01 7.054814385150811606e-01
6.402934400388019531e-01 7.076566125290024711e-01
6.333212077118952621e-01 7.096867749419953908e-01
6.260458348490359759e-01 7.141821345707656254e-01
6.182248090214623737e-01 7.172273781902552825e-01
6.078574026918879269e-01 7.205626450116009440e-01
5.957317812537892276e-01 7.224477958236658059e-01
5.849399781738814363e-01 7.252030162412993475e-01
5.716624226991633417e-01 7.286832946635729558e-01
5.551109494361585739e-01 7.343387470997679856e-01
5.348611616345337882e-01 7.386890951276100514e-01
5.117618527949557850e-01 7.421693735498839928e-01
4.861767915605674784e-01 7.444895591647331390e-01
4.567115314659876413e-01 7.491299303944315424e-01
4.300351643021704806e-01 7.530452436194895460e-01
4.165757245058808733e-01 7.584106728538283493e-01
4.077846489632593885e-01 7.642111368909513258e-01
4.005699042075906435e-01 7.718967517401391643e-01
3.648599490723899441e-01 7.781322505800464251e-01
3.575239481023402277e-01 7.826276102088166597e-01
3.475809385230992921e-01 7.892981438515080939e-01
3.335758457620953132e-01 8.006090487238979314e-01
3.127804049957560451e-01 8.117749419953596002e-01
2.737359039650781867e-01 8.551334106728538664e-01
2.007396629077240202e-01 9.045823665893271137e-01
1.546623014429489573e-01 9.395301624129930307e-01
0.000000000000000000e+00 1.000000000000000000e+00
0.000000000000000000e+00 1.000000000000000000e+00
0.000000000000000000e+00 1.000000000000000000e+00
0.000000000000000000e+00 1.000000000000000000e+00
0.000000000000000000e+00 1.000000000000000000e+00
0.000000000000000000e+00 1.000000000000000000e+00
0.000000000000000000e+00 1.000000000000000000e+00
0.000000000000000000e+00 1.000000000000000000e+00
0.000000000000000000e+00 1.000000000000000000e+00
0.000000000000000000e+00 1.000000000000000000e+00
0.000000000000000000e+00 1.000000000000000000e+00
0.000000000000000000e+00 1.000000000000000000e+00
0.000000000000000000e+00 1.000000000000000000e+00
0.000000000000000000e+00 1.000000000000000000e+00
0.000000000000000000e+00 1.000000000000000000e+00
0.000000000000000000e+00 1.000000000000000000e+00
0.000000000000000000e+00 1.000000000000000000e+00
0.000000000000000000e+00 1.000000000000000000e+00
0.000000000000000000e+00 1.000000000000000000e+00
0.000000000000000000e+00 1.000000000000000000e+00
0.000000000000000000e+00 1.000000000000000000e+00
0.000000000000000000e+00 1.000000000000000000e+00
0.000000000000000000e+00 1.000000000000000000e+00
0.000000000000000000e+00 1.000000000000000000e+00
0.000000000000000000e+00 1.000000000000000000e+00
0.000000000000000000e+00 1.000000000000000000e+00
0.000000000000000000e+00 1.000000000000000000e+00
0.000000000000000000e+00 1.000000000000000000e+00
0.000000000000000000e+00 1.000000000000000000e+00
0.000000000000000000e+00 1.000000000000000000e+00
0.000000000000000000e+00 1.000000000000000000e+00
0.000000000000000000e+00 1.000000000000000000e+00
0.000000000000000000e+00 1.000000000000000000e+00
