7.714909750267865407e-01 1.319875776397515590e-02
7.649385972142092038e-01 1.397515527950310595e-02
7.631253605868293377e-01 1.475155279503105599e-02
7.622393472348140131e-01 1.552795031055900603e-02
7.614769636528475605e-01 1.552795031055900603e-02
7.609000247259540828e-01 1.552795031055900603e-02
7.606939751092062219e-01 1.630434782608695607e-02
7.601994560290117331e-01 1.630434782608695607e-02
7.590249732135498917e-01 1.630434782608695607e-02
7.586952938267534918e-01 1.630434782608695607e-02
7.584274293249814169e-01 1.630434782608695607e-02
7.581389598615346781e-01 1.630434782608695607e-02
7.580153300914859171e-01 1.708074534161490785e-02
7.576032308579906394e-01 1.708074534161490785e-02
7.572529465095194645e-01 1.708074534161490785e-02
7.570675018544466006e-01 1.708074534161490785e-02
7.568820571993735147e-01 1.708074534161490785e-02
7.190925574878430648e-01 1.708074534161490785e-02
7.138795021841261024e-01 1.708074534161490785e-02
7.116541663232505144e-01 1.708074534161490785e-02
7.098821396192203093e-01 1.708074534161490785e-02
7.080895079535151071e-01 1.708074534161490785e-02
7.064617159812083269e-01 1.708074534161490785e-02
7.052254182807220495e-01 1.708074534161490785e-02
7.041539602736338610e-01 1.708074534161490785e-02
7.029176625731475836e-01 1.708074534161490785e-02
7.019492293744333811e-01 1.708074534161490785e-02
7.010220060990686175e-01 1.708074534161490785e-02
6.979930767328772490e-01 1.708074534161490785e-02
6.966125443006675466e-01 1.708074534161490785e-02
6.953144317151570553e-01 1.708074534161490785e-02
6.939545042446221279e-01 1.863354037267080793e-02
6.929654660842330394e-01 1.863354037267080793e-02
6.919146130388197369e-01 1.863354037267080793e-02
6.759251627791972306e-01 2.018633540372670801e-02
6.747918898870848281e-01 2.173913043478260809e-02
6.734731723398994507e-01 2.173913043478260809e-02
6.726077639495590121e-01 2.173913043478260809e-02
6.720514299843401984e-01 2.173913043478260809e-02
6.715569109041457097e-01 2.173913043478260809e-02
6.711448116706503209e-01 2.173913043478260809e-02
6.707327124371548210e-01 2.173913043478260809e-02
6.702587983186351073e-01 2.173913043478260809e-02
6.698879090084892685e-01 2.173913043478260809e-02
6.696818593917415186e-01 2.173913043478260809e-02
6.691461303881974798e-01 2.173913043478260809e-02
6.688576609247506299e-01 2.173913043478260809e-02
6.682395120745074912e-01 2.173913043478260809e-02
6.674565235308662636e-01 2.173913043478260809e-02
6.667147449105744750e-01 2.173913043478260809e-02
6.640154949311793953e-01 2.173913043478260809e-02
6.588436495508118718e-01 2.251552795031055987e-02
6.537542240171433372e-01 2.251552795031055987e-02
6.475109206296876252e-01 2.562111801242236003e-02
6.414324569356301131e-01 1.149068322981366408e-01
6.359927470534905147e-01 1.234472049689440964e-01
6.318305447951866327e-01 1.234472049689440964e-01
6.280186268853540366e-01 1.234472049689440964e-01
6.255048215610319318e-01 1.234472049689440964e-01
6.227849666199620771e-01 1.234472049689440964e-01
6.209511250309074359e-01 1.234472049689440964e-01
6.197560372537707085e-01 1.234472049689440964e-01
6.193233330586005447e-01 1.234472049689440964e-01
6.187669990933817310e-01 1.234472049689440964e-01
6.182724800131871312e-01 1.234472049689440964e-01
6.169537624660018649e-01 1.234472049689440964e-01
6.103395697684002030e-01 1.234472049689440964e-01
0.000000000000000000e+00 1.000000000000000000e+00
0.000000000000000000e+00 1.000000000000000000e+00
0.000000000000000000e+00 1.000000000000000000e+00
0.000000000000000000e+00 1.000000000000000000e+00
0.000000000000000000e+00 1.000000000000000000e+00
0.000000000000000000e+00 1.000000000000000000e+00
0.000000000000000000e+00 1.000000000000000000e+00
0.000000000000000000e+00 1.000000000000000000e+00
0.000000000000000000e+00 1.000000000000000000e+00
0.000000000000000000e+00 1.000000000000000000e+00
0.000000000000000000e+00 1.000000000000000000e+00
0.000000000000000000e+00 1.000000000000000000e+00
0.000000000000000000e+00 1.000000000000000000e+00
0.000000000000000000e+00 1.000000000000000000e+00
0.000000000000000000e+00 1.000000000000000000e+00
0.000000000000000000e+00 1.000000000000000000e+00
0.000000000000000000e+00 1.000000000000000000e+00
0.000000000000000000e+00 1.000000000000000000e+00
0.000000000000000000e+00 1.000000000000000000e+00
0.000000000000000000e+00 1.000000000000000000e+00
0.000000000000000000e+00 1.000000000000000000e+00
0.000000000000000000e+00 1.000000000000000000e+00
0.000000000000000000e+00 1.000000000000000000e+00
0.000000000000000000e+00 1.000000000000000000e+00
0.000000000000000000e+00 1.000000000000000000e+00
0.000000000000000000e+00 1.000000000000000000e+00
0.000000000000000000e+00 1.000000000000000000e+00
0.000000000000000000e+00 1.000000000000000000e+00
0.000000000000000000e+00 1.000000000000000000e+00
0.000000000000000000e+00 1.000000000000000000e+00
0.000000000000000000e+00 1.000000000000000000e+00
0.000000000000000000e+00 1.000000000000000000e+00
0.000000000000000000e+00 1.000000000000000000e+00
