9.382613911352871705e-01 5.717515468824369007e-02
9.290781608719932416e-01 7.079961922893859838e-02
9.259964011665184902e-01 1.777724892908138787e-01
9.243831309851289202e-01 1.806877677296525320e-01
9.215909325942625019e-01 1.922893860066634819e-01
9.187987342033961946e-01 2.287006187529747603e-01
9.157169744979213322e-01 2.382198952879581166e-01
9.084365757306250844e-01 2.497620180866254036e-01
8.944962667273366197e-01 2.755235602094240899e-01
8.837618151357835572e-01 2.906949071870537638e-01
8.777844422842251415e-01 2.937886720609233504e-01
8.731100953484043359e-01 3.027129938124702435e-01
8.660985749446730164e-01 3.121132793907663294e-01
8.583838342054644910e-01 3.272251308900523403e-01
8.517859728226024885e-01 3.358519752498810296e-01
8.459740635793915331e-01 3.485245121370775800e-01
8.378249808682702859e-01 3.904688243693479333e-01
8.234503298930690995e-01 4.125416468348405696e-01
8.150737347204699557e-01 4.144455021418372298e-01
8.111853399243004192e-01 4.191456449309852728e-01
8.084138244844772947e-01 4.211684911946692034e-01
8.056836749467414238e-01 4.278914802475011769e-01
8.031189890173530133e-01 4.599000475963826995e-01
8.008645473536164516e-01 4.618633983817229671e-01
7.970175184595338358e-01 4.644217039504997535e-01
7.941839541665804969e-01 4.670990004759638103e-01
7.854557488262426945e-01 4.924440742503569668e-01
7.834081366729405138e-01 4.964302712993812206e-01
7.786717408839893828e-01 5.495597334602569939e-01
7.738526132908641886e-01 5.512851023322227206e-01
7.707915365364330640e-01 5.533079485959067068e-01
7.671927030548718607e-01 5.555687767729652338e-01
7.526732714223666187e-01 5.593169919086149466e-01
7.186704999069266631e-01 5.610423607805806734e-01
6.852261680696601909e-01 5.622322703474535999e-01
6.466731473246603024e-01 5.659804854831033127e-01
6.052658793356635591e-01 5.667539267015706539e-01
5.599081676973670652e-01 5.674678724416943876e-01
5.093383523961199089e-01 5.683603046168491657e-01
4.648493247016484142e-01 5.691932413136601143e-01
4.285507456203851429e-01 5.697881960970966331e-01
4.046412542141512581e-01 5.702046644455021074e-01
3.875157707501706295e-01 5.708591147072822336e-01
3.632960350782849512e-01 5.718705378391242267e-01
3.495832385364743833e-01 5.736554021894335609e-01
3.367598088895323860e-01 5.743098524512136871e-01
3.284038966679765914e-01 5.749643027129938133e-01
3.211855467538108355e-01 5.759162303664921989e-01
3.156011499720779989e-01 5.765111851499286066e-01
3.112577302529525025e-01 5.787125178486435262e-01
3.077829944776520610e-01 5.797834364588291267e-01
3.031500134439181759e-01 5.816277962874821794e-01
2.999855219342695833e-01 5.845430747263208326e-01
2.965314691100126021e-01 5.903141361256544206e-01
2.922707811950608914e-01 5.962041884816754456e-01
2.849490165256778895e-01 6.022132317943835744e-01
2.758692010176012066e-01 6.085197524988100737e-01
2.623425510351817258e-01 6.124464540694907200e-01
2.504705371362386246e-01 6.225011899095668211e-01
2.369232042027756557e-01 6.264873869585911859e-01
2.280915841072204131e-01 6.294026653974298391e-01
2.202941115638379355e-01 6.323179438362684923e-01
2.126827855798465450e-01 6.349357448833888862e-01
2.028997497362923785e-01 6.392194193241313993e-01
1.870359262859624949e-01 6.591504045692527791e-01
1.614924817472956908e-01 7.783198476915754727e-01
1.259384889035967681e-01 9.659090909090909394e-01
0.000000000000000000e+00 1.000000000000000000e+00
0.000000000000000000e+00 1.000000000000000000e+00
0.000000000000000000e+00 1.000000000000000000e+00
0.000000000000000000e+00 1.000000000000000000e+00
0.000000000000000000e+00 1.000000000000000000e+00
0.000000000000000000e+00 1.000000000000000000e+00
0.000000000000000000e+00 1.000000000000000000e+00
0.000000000000000000e+00 1.000000000000000000e+00
0.000000000000000000e+00 1.000000000000000000e+00
0.000000000000000000e+00 1.000000000000000000e+00
0.000000000000000000e+00 1.000000000000000000e+00
0.000000000000000000e+00 1.000000000000000000e+00
0.000000000000000000e+00 1.000000000000000000e+00
0.000000000000000000e+00 1.000000000000000000e+00
0.000000000000000000e+00 1.000000000000000000e+00
0.000000000000000000e+00 1.000000000000000000e+00
0.000000000000000000e+00 1.000000000000000000e+00
0.000000000000000000e+00 1.000000000000000000e+00
0.000000000000000000e+00 1.000000000000000000e+00
0.000000000000000000e+00 1.000000000000000000e+00
0.000000000000000000e+00 1.000000000000000000e+00
0.000000000000000000e+00 1.000000000000000000e+00
0.000000000000000000e+00 1.000000000000000000e+00
0.000000000000000000e+00 1.000000000000000000e+00
0.000000000000000000e+00 1.000000000000000000e+00
0.000000000000000000e+00 1.000000000000000000e+00
0.000000000000000000e+00 1.000000000000000000e+00
0.000000000000000000e+00 1.000000000000000000e+00
0.000000000000000000e+00 1.000000000000000000e+00
0.000000000000000000e+00 1.000000000000000000e+00
0.000000000000000000e+00 1.000000000000000000e+00
0.000000000000000000e+00 1.000000000000000000e+00
0.000000000000000000e+00 1.000000000000000000e+00
