2.663191296464188507e-01 9.984472049689441242e-01
2.679469216187257974e-01 9.984472049689441242e-01
5.558600511003050082e-01 9.984472049689441242e-01
5.755583944613863467e-01 9.984472049689441242e-01
5.809774993818511701e-01 9.984472049689441242e-01
5.849954669084315162e-01 9.953416149068322616e-01
5.898376329020027509e-01 9.953416149068322616e-01
6.248042528640896931e-01 9.953416149068322616e-01
6.503338003791312438e-01 9.635093167701863637e-01
6.788922772603642741e-01 8.944099378881987805e-01
6.940163191296464529e-01 8.944099378881987805e-01
7.020110442594577060e-01 8.928571428571429047e-01
7.351850325558394461e-01 8.913043478260869179e-01
7.468062309404104315e-01 8.866459627329192905e-01
7.597873567955163443e-01 8.858695652173913526e-01
7.684826506222698361e-01 8.843167701863353658e-01
7.733042116541662958e-01 8.843167701863353658e-01
7.769924997939504641e-01 7.104037267080745011e-01
7.855229539273056449e-01 7.072981366459627495e-01
7.977004862770955551e-01 7.026397515527950111e-01
8.086829308497486268e-01 7.003105590062111974e-01
8.192326712272316458e-01 2.600931677018633592e-01
8.237657627956811446e-01 2.600931677018633592e-01
8.300090661831368566e-01 1.405279503105590078e-01
8.345833676749361274e-01 1.288819875776397450e-01
8.393843237451579231e-01 1.288819875776397450e-01
8.423308332646501917e-01 1.288819875776397450e-01
8.453597626308415602e-01 1.273291925465838414e-01
8.486565564988048926e-01 1.250000000000000000e-01
8.509849171680541335e-01 1.172360248447204961e-01
8.632448693645431437e-01 1.118012422360248476e-01
8.665828731558559150e-01 1.079192546583850887e-01
8.696118025220472836e-01 9.782608695652174335e-02
8.721256078463693884e-01 8.850931677018634980e-02
8.749690925574880040e-01 8.385093167701863914e-02
8.774210829967856728e-01 6.366459627329192072e-02
8.805118272480013664e-01 4.503105590062111974e-02
8.858279073600923148e-01 2.484472049689440826e-02
8.939668672216269929e-01 2.484472049689440826e-02
8.990768977169701914e-01 2.484472049689440826e-02
9.043929778290612509e-01 2.484472049689440826e-02
9.080194510838209832e-01 2.484472049689440826e-02
9.103272067913953380e-01 2.484472049689440826e-02
9.172710788757932887e-01 2.406832298136645995e-02
9.196612544300667436e-01 2.329192546583850817e-02
9.221132448693645234e-01 2.251552795031055987e-02
9.241531360751669144e-01 2.251552795031055987e-02
9.264196818593917193e-01 2.173913043478260809e-02
9.280062639083491716e-01 2.173913043478260809e-02
9.290159070304129241e-01 2.173913043478260809e-02
9.297164757273551627e-01 2.173913043478260809e-02
9.304170444242974014e-01 2.173913043478260809e-02
9.312412428912882900e-01 2.173913043478260809e-02
9.320860463199538426e-01 2.096273291925465979e-02
9.328896398252699562e-01 2.096273291925465979e-02
9.336726283689111838e-01 2.096273291925465979e-02
9.350737657627956612e-01 2.096273291925465979e-02
9.369076073518503023e-01 2.096273291925465979e-02
9.398541168713425709e-01 2.096273291925465979e-02
9.422236874639413617e-01 2.096273291925465979e-02
9.449229374433363304e-01 2.096273291925465979e-02
9.467567790323909716e-01 2.096273291925465979e-02
9.483845710046979738e-01 2.096273291925465979e-02
9.500947828237039650e-01 2.096273291925465979e-02
9.511662408307920424e-01 2.096273291925465979e-02
9.522170938762053449e-01 2.096273291925465979e-02
9.537830709634880222e-01 2.096273291925465979e-02
9.551842083573724995e-01 2.096273291925465979e-02
9.563586911728344520e-01 2.096273291925465979e-02
9.573271243715486545e-01 2.096273291925465979e-02
9.584603972636610569e-01 2.096273291925465979e-02
9.592845957306519455e-01 2.096273291925465979e-02
9.600057693892689592e-01 2.018633540372670801e-02
9.606857331245364229e-01 2.018633540372670801e-02
9.616335613615758504e-01 1.940993788819875623e-02
9.626638094453143779e-01 1.940993788819875623e-02
9.635498227973295915e-01 1.940993788819875623e-02
9.642503914942718302e-01 1.863354037267080793e-02
9.655485040797824325e-01 1.863354037267080793e-02
9.662284678150498962e-01 1.863354037267080793e-02
9.668878265886425849e-01 1.785714285714285615e-02
9.676708151322838125e-01 1.708074534161490785e-02
9.682683590208521762e-01 1.708074534161490785e-02
9.688040880243963260e-01 1.708074534161490785e-02
9.695046567213384536e-01 1.630434782608695607e-02
9.701228055715815923e-01 1.475155279503105599e-02
9.706585345751257421e-01 1.475155279503105599e-02
9.712766834253688808e-01 1.475155279503105599e-02
9.718124124289129195e-01 1.475155279503105599e-02
9.726984257809280221e-01 1.475155279503105599e-02
9.732341547844720608e-01 1.319875776397515590e-02
9.735638341712684607e-01 1.319875776397515590e-02
9.739759334047638495e-01 1.319875776397515590e-02
9.745116624083078882e-01 1.319875776397515590e-02
9.750679963735265909e-01 1.319875776397515590e-02
9.756655402620950657e-01 1.242236024844720413e-02
9.764279238440616293e-01 1.164596273291925409e-02
9.774169620044507178e-01 1.164596273291925409e-02
9.781999505480919455e-01 1.164596273291925409e-02
9.788180993983350842e-01 1.164596273291925409e-02
