1.577902335105172693e-02 9.940790099952404058e-01
1.577902335105172693e-01 9.340790099952404058e-01
3.539680241576867448e-01 9.328296049500236498e-01
5.180045088833274969e-01 9.305092812946216263e-01
5.522347928602453493e-01 9.004045692527368194e-01
5.924631326397650222e-01 8.928486435030937862e-01
6.329396678318062186e-01 8.109828653022369549e-01
6.496101263728308872e-01 6.872322703474535999e-01
6.637158989844671453e-01 6.853879105188005472e-01
6.749467414010631439e-01 6.141718229414564467e-01
6.852054851186166751e-01 6.017967634459781001e-01
7.189600612215351072e-01 5.549738219895288260e-01
7.296324639599578443e-01 5.442051404093288802e-01
7.368508138741234337e-01 5.273084245597334796e-01
7.458478975780263864e-01 5.092217991432651525e-01
7.531489792963660390e-01 4.966087577344122095e-01
7.593331816583590577e-01 4.823893384102808102e-01
7.673581666632195430e-01 4.732270347453593762e-01
7.738526132908641886e-01 4.678129462160876550e-01
7.803884258205960878e-01 4.637077582103760198e-01
7.836356491344185216e-01 4.622203712517848895e-01
7.859107737491984880e-01 4.603760114231318923e-01
7.951353699145794485e-01 4.546049500237981933e-01
8.012368404723985149e-01 4.508567348881484804e-01
8.063041634780450106e-01 4.487148976677772239e-01
8.096134356449978808e-01 4.457401237505949632e-01
8.123642681337773785e-01 4.404450261780104570e-01
8.197273987052472455e-01 4.295573536411232962e-01
8.256634056547188516e-01 3.936220847215611829e-01
8.320544375271463622e-01 3.459067110899571862e-01
8.351568801836645184e-01 2.999762018086625237e-01
8.369976628265320961e-01 2.731437410756782369e-01
8.414651802519182988e-01 2.507734412184673967e-01
8.572049059959875317e-01 2.288791051880057215e-01
8.622722290016339164e-01 2.200142789148024636e-01
8.652505739518915329e-01 2.150166587339362168e-01
8.688494074334525141e-01 2.056163731556401586e-01
8.722207284535357097e-01 1.945502141837220644e-01
8.754059029142278181e-01 1.853879105188005749e-01
8.785290285217894901e-01 1.800333174678724335e-01
8.805559577240480440e-01 1.780104712041884751e-01
8.826656187304804391e-01 1.754521656354117165e-01
8.856646466317814603e-01 1.737267967634459898e-01
8.884568450226478786e-01 1.722394098048548317e-01
8.899667004488202027e-01 1.700380771061399399e-01
8.911249457072535352e-01 1.692646358876725432e-01
8.922004591615131375e-01 1.686101856258924447e-01
8.932759726157728508e-01 1.677177534507377499e-01
8.945169496783801355e-01 1.649214659685863948e-01
8.979296366005501406e-01 1.643265111851499316e-01
8.995222238308961948e-01 1.626606377915278401e-01
9.069060373534095776e-01 1.625416468348405419e-01
9.096155039401021547e-01 1.608162779628748151e-01
9.121181410163602399e-01 1.591504045692527236e-01
9.137934600508800242e-01 1.587934316991908568e-01
9.153446813791391579e-01 1.583174678724416917e-01
9.168545368053113709e-01 1.567110899571632632e-01
9.182402945252228221e-01 1.566515944788196002e-01
9.191917102732217737e-01 1.565326035221323298e-01
9.204120043847856536e-01 1.565326035221323298e-01
9.223355188318269615e-01 1.538553069966682452e-01
9.232662516287823973e-01 1.538553069966682452e-01
9.243624480340855154e-01 1.537958115183246099e-01
9.259550352644315696e-01 1.537363160399809747e-01
9.268857680613870054e-01 1.537363160399809747e-01
9.277751349562555205e-01 1.536768205616373117e-01
9.288713313615586387e-01 1.521299381247025184e-01
9.310637241721648749e-01 1.520704426463588832e-01
9.333595317379883571e-01 1.518324607329842868e-01
9.387577819603301066e-01 1.502855782960494935e-01
9.415292974001530091e-01 1.501665873393621953e-01
9.435769095534550788e-01 1.455854355069014783e-01
9.450453990775403712e-01 1.454664445502141801e-01
9.466173033568429096e-01 1.454069490718705449e-01
9.486028666570146539e-01 1.423131841980009582e-01
9.510434548801423027e-01 1.423131841980009582e-01
9.520776024323150954e-01 1.421346977629700248e-01
9.534219942501396261e-01 1.421346977629700248e-01
9.548077519700510774e-01 1.420157068062827266e-01
9.563176073962232904e-01 1.420157068062827266e-01
9.573310719973525673e-01 1.420157068062827266e-01
9.584686343047424950e-01 1.418967158495954284e-01
9.592959523464807958e-01 1.417777248929081302e-01
9.602060021923928268e-01 1.417182294145644950e-01
9.614883451570870321e-01 1.414802475011898986e-01
9.624811268071727932e-01 1.411232746311280317e-01
9.631843471426503323e-01 1.408852927177534631e-01
9.638048356739539191e-01 1.407068062827225019e-01
9.645080560094314581e-01 1.404093288910042703e-01
9.654181058553434891e-01 1.400523560209424034e-01
9.657490330720388538e-01 1.399333650642551052e-01
9.661626920929078377e-01 1.395763921941932384e-01
9.668659124283852657e-01 1.393979057591623050e-01
9.674243521065585272e-01 1.388624464540694770e-01
9.678173281763842173e-01 1.383269871489766767e-01
9.682516701482967170e-01 1.378510233222275116e-01
9.688101098264700894e-01 1.368990956687291816e-01
9.693892324556867557e-01 1.367206092336982481e-01
9.699269891828166124e-01 1.359471680152308515e-01
9.708990878818589687e-01 1.357091861018562551e-01
9.728226023289002766e-01 1.353522132317943882e-01
