9.629606841813819207e-01 2.985074626865671585e-02
9.604996000738325046e-01 5.056350898568382629e-02
9.517627514920322662e-01 7.950045689917757674e-02
9.382267889005106998e-01 1.151385927505330503e-01
9.352119608687626817e-01 1.382881510813280534e-01
9.333661477881006752e-01 1.504721291501675273e-01
9.315818618101273652e-01 1.516905269570514858e-01
9.297360487294654696e-01 1.544319220225403577e-01
9.275210730326708397e-01 1.565641181845872643e-01
9.252445702331877353e-01 1.580871154431922054e-01
9.230911216390820240e-01 1.599147121535181293e-01
9.202608749154002066e-01 1.614377094121230705e-01
9.189072786562481054e-01 1.638745050258909597e-01
9.173691010890298037e-01 1.666159000913798316e-01
9.154617609056789895e-01 1.717940907706366205e-01
9.133083123115732782e-01 1.763630825464514162e-01
9.115240263335999682e-01 1.815412732257082051e-01
9.099858487663815554e-01 1.830642704843130908e-01
9.077093459668984510e-01 1.867194639049649663e-01
9.053713160647265390e-01 1.937252512945476790e-01
9.026025964437334181e-01 2.037770332013402463e-01
8.997723497200517118e-01 2.162656107219007029e-01
8.968805758936810868e-01 2.311909838562290487e-01
8.944194917861317817e-01 2.598233323180018095e-01
8.919584076785823656e-01 2.942430703624733246e-01
8.891896880575894668e-01 3.228754188242461409e-01
8.858672245123977440e-01 3.688699360341151645e-01
8.835291946102258320e-01 3.923240938166311365e-01
8.809450562972989118e-01 4.075540664026804927e-01
8.784839721897496068e-01 4.273530307645446169e-01
8.754076170553128922e-01 4.447151995126408797e-01
8.733156955638958774e-01 4.495887907401766581e-01
8.699932320187042656e-01 4.520255863539445751e-01
8.659939703439365477e-01 4.535485836125495163e-01
8.615640189503476210e-01 4.550715808711544574e-01
8.578723927890236078e-01 4.578129759366433293e-01
8.538116040115669714e-01 4.599451720986902359e-01
8.487048544884021606e-01 4.614681693572951771e-01
8.449517012243894509e-01 4.632957660676210732e-01
8.407678582415554214e-01 4.642095644227840490e-01
8.344920937673043770e-01 4.669509594882729209e-01
8.297545068602719676e-01 4.681693572951568516e-01
8.247092844397957423e-01 4.687785561985988170e-01
8.173260321171476050e-01 4.712153518123667340e-01
8.066203162493078560e-01 4.718245507158086993e-01
7.765950901372054016e-01 4.788303381053913843e-01
7.360487294653295098e-01 5.354858361254949406e-01
6.784593613486741281e-01 6.049345111178799916e-01
6.401895034762813408e-01 6.515382272311910361e-01
6.238232941610779569e-01 6.765153822723118937e-01
5.998277241124715387e-01 6.819981724032896375e-01
5.745400849074017158e-01 6.832165702101735683e-01
5.429766812280809596e-01 6.850441669204995199e-01
5.079677597981910875e-01 6.877855619859883918e-01
4.563465206423429343e-01 6.981419433445019695e-01
3.858979880637420923e-01 7.008833384099908415e-01
3.313234479788346731e-01 7.017971367651538728e-01
3.247400479911400906e-01 7.036247334754797134e-01
3.203716237002399714e-01 7.042339323789217342e-01
3.156340367932073954e-01 7.042339323789217342e-01
3.111425582969297721e-01 7.048431312823636441e-01
3.065280255952747002e-01 7.048431312823636441e-01
3.001907340183350703e-01 7.063661285409685853e-01
2.902848704854488204e-01 7.072799268961316166e-01
2.717652125761397808e-01 7.773378007919585775e-01
2.422937303882360116e-01 7.916539750228449579e-01
1.544330277487233061e-01 7.937861711848920310e-01
0.000000000000000000e+00 1.000000000000000000e+00
0.000000000000000000e+00 1.000000000000000000e+00
0.000000000000000000e+00 1.000000000000000000e+00
0.000000000000000000e+00 1.000000000000000000e+00
0.000000000000000000e+00 1.000000000000000000e+00
0.000000000000000000e+00 1.000000000000000000e+00
0.000000000000000000e+00 1.000000000000000000e+00
0.000000000000000000e+00 1.000000000000000000e+00
0.000000000000000000e+00 1.000000000000000000e+00
0.000000000000000000e+00 1.000000000000000000e+00
0.000000000000000000e+00 1.000000000000000000e+00
0.000000000000000000e+00 1.000000000000000000e+00
0.000000000000000000e+00 1.000000000000000000e+00
0.000000000000000000e+00 1.000000000000000000e+00
0.000000000000000000e+00 1.000000000000000000e+00
0.000000000000000000e+00 1.000000000000000000e+00
0.000000000000000000e+00 1.000000000000000000e+00
0.000000000000000000e+00 1.000000000000000000e+00
0.000000000000000000e+00 1.000000000000000000e+00
0.000000000000000000e+00 1.000000000000000000e+00
0.000000000000000000e+00 1.000000000000000000e+00
0.000000000000000000e+00 1.000000000000000000e+00
0.000000000000000000e+00 1.000000000000000000e+00
0.000000000000000000e+00 1.000000000000000000e+00
0.000000000000000000e+00 1.000000000000000000e+00
0.000000000000000000e+00 1.000000000000000000e+00
0.000000000000000000e+00 1.000000000000000000e+00
0.000000000000000000e+00 1.000000000000000000e+00
0.000000000000000000e+00 1.000000000000000000e+00
0.000000000000000000e+00 1.000000000000000000e+00
0.000000000000000000e+00 1.000000000000000000e+00
0.000000000000000000e+00 1.000000000000000000e+00
0.000000000000000000e+00 1.000000000000000000e+00
