3.985110441149326554e-01 9.929942126104173150e-01
4.401648926352058067e-01 9.929942126104173150e-01
4.703747000553744062e-01 9.929942126104173150e-01
4.957238663631329811e-01 9.929942126104173150e-01
5.167661354826801334e-01 9.929942126104173150e-01
5.955823540269489236e-01 9.887298202863235019e-01
6.662154679136159663e-01 9.744136460554371215e-01
7.085461145634651681e-01 9.332927200731038209e-01
7.385098135728788149e-01 8.431312823636917253e-01
7.584445948440288188e-01 8.312519037465732064e-01
7.774564695748477083e-01 8.157173317088028952e-01
7.916077031932566843e-01 7.986597624124276429e-01
8.027441087799175312e-01 7.834297898263784532e-01
8.119116470805389785e-01 7.514468473956746886e-01
8.204639143542730162e-01 7.353030764544623565e-01
8.302467236817819840e-01 7.279926896131586611e-01
8.373838675936750020e-01 7.240328967407858585e-01
8.427982526302836286e-01 7.212915016752969866e-01
8.499969236448655652e-01 7.164179104477612636e-01
8.555958899895403924e-01 7.124581175753884610e-01
8.584876638159109064e-01 7.088029241547365578e-01
8.610102750261490190e-01 7.057569296375266754e-01
8.635944133390758282e-01 7.002741395065489316e-01
8.670399310896449441e-01 6.947913493755710768e-01
8.696240694025718643e-01 6.914407554066402950e-01
8.722697348181873700e-01 6.890039597928723225e-01
8.752845628499353881e-01 6.862625647273834506e-01
8.782378637789945985e-01 6.774291806274749250e-01
8.806374207838553181e-01 6.716417910447761708e-01
8.821140712483849233e-01 6.685957965275662884e-01
8.850058450747554373e-01 6.637222053000304545e-01
8.894973235710330606e-01 6.588486140724946205e-01
8.981111179474559059e-01 6.527566250380749668e-01
9.025410693410448326e-01 6.487968321657020532e-01
9.060481141943025341e-01 6.439232409381663302e-01
9.087553067126069584e-01 6.201644837039292923e-01
9.115855534362886647e-01 6.000609198903441577e-01
9.142312188519042815e-01 5.930551325007614727e-01
9.176152094997847009e-01 5.738653670423393693e-01
9.200147665046453094e-01 5.293938470910752869e-01
9.227219590229496227e-01 4.782211392019494189e-01
9.252445702331877353e-01 4.273530307645446169e-01
9.279517627514920486e-01 3.920194943649101260e-01
9.303513197563526571e-01 3.667377398720682025e-01
9.327508767612132656e-01 3.530307645446238429e-01
9.360118132037162919e-01 3.393237892171794279e-01
9.383498431058880929e-01 3.323180018275966874e-01
9.403187103919276035e-01 3.262260127931769782e-01
9.419799421645235205e-01 3.173926286932683416e-01
9.436411739371193264e-01 3.009442583003350546e-01
9.461637851473574390e-01 2.860188851660067089e-01
9.485633421522180475e-01 2.707889125799573526e-01
9.526856580323632695e-01 2.595187328662808546e-01
9.547775795237801733e-01 2.491623515077672768e-01
9.576078262474619907e-01 2.415473652147425987e-01
9.595151664308128048e-01 2.290587876941821421e-01
9.607457084845875128e-01 2.126104173012488552e-01
9.620377776410509174e-01 2.019494364910143225e-01
9.636374823109580268e-01 1.903746573256168140e-01
9.644988617486002225e-01 1.818458726774291878e-01
9.652371869808650251e-01 1.754492841912884682e-01
9.664677290346397331e-01 1.705756929637526620e-01
9.679443794991693384e-01 1.562595187328662816e-01
9.686211776287453334e-01 1.480353335363996381e-01
9.690518673475666533e-01 1.395065488882120119e-01
9.695440841690764477e-01 1.352421565641181711e-01
9.699132467852088491e-01 1.288455680779774515e-01
9.708361533255398523e-01 1.212305817849527872e-01
9.716975327631821591e-01 1.157477916539750296e-01
9.721282224820033679e-01 1.120925982333231818e-01
9.724358579954469617e-01 1.081328053609503514e-01
9.728665477142681706e-01 1.066098081023454103e-01
9.731126561250230678e-01 1.020408163265306145e-01
9.735433458438441656e-01 9.838562290587876680e-02
9.737279271519103663e-01 9.381663113006397103e-02
9.742201439734202717e-01 8.742004264392323754e-02
9.742816710761091903e-01 8.498324703015534831e-02
9.745277794868639765e-01 8.193725251294547984e-02
9.746508336922414806e-01 7.950045689917757674e-02
9.747738878976188737e-01 7.614986293024672559e-02
9.748969421029963778e-01 7.188547060615291251e-02
9.751430505137512750e-01 7.005787389582698865e-02
9.753891589245062832e-01 6.883947608894304404e-02
9.755122131298836763e-01 6.823027718550106480e-02
9.755737402325725949e-01 6.731647883033810287e-02
9.756967944379498769e-01 6.579348157173317557e-02
9.758198486433273811e-01 6.335668595796527247e-02
9.758198486433273811e-01 5.909229363387145939e-02
9.758198486433273811e-01 5.756929637526652516e-02
9.758813757460160776e-01 5.574169966494060130e-02
9.758813757460160776e-01 5.513250076149862899e-02
9.759429028487048852e-01 5.269570514773073283e-02
9.759429028487048852e-01 5.056350898568382629e-02
9.761890112594597824e-01 4.964971063052086436e-02
9.763120654648372865e-01 4.843131282363691975e-02
9.764351196702146796e-01 4.751751446847395782e-02
9.766197009782808802e-01 4.690831556503198552e-02
9.767427551836583843e-01 4.629911666159000627e-02
9.768658093890358884e-01 4.416692049954309973e-02
9.769273364917245850e-01 4.325312214438013780e-02
