9.595112503090744704e-01 7.763975155279502580e-04
9.571416797164756796e-01 7.763975155279502580e-04
9.559671969010137271e-01 7.763975155279502580e-04
9.549163438556004246e-01 7.763975155279502580e-04
9.508571664056705286e-01 1.552795031055900516e-03
9.495384488584851512e-01 1.552795031055900516e-03
9.481167065029258989e-01 6.211180124223602064e-03
9.459943954504244079e-01 6.987577639751552973e-03
9.418321931921206369e-01 6.987577639751552973e-03
9.395038325228715070e-01 1.319875776397515590e-02
9.368870023901755273e-01 3.649068322981366408e-02
9.332399241737410200e-01 1.855590062111801553e-01
9.307879337344432402e-01 1.855590062111801553e-01
9.268523860545618831e-01 1.855590062111801553e-01
9.245652353086623032e-01 1.863354037267080654e-01
9.228550234896563120e-01 1.863354037267080654e-01
9.182601170361822662e-01 1.871118012422360311e-01
9.124701228055716040e-01 1.871118012422360311e-01
9.060619797247176921e-01 1.909937888198757761e-01
8.998598862606115301e-01 1.917701863354036862e-01
8.734237204318799908e-01 2.088509316770186253e-01
8.498928541992911700e-01 2.104037267080745288e-01
8.276188906288634017e-01 2.119565217391304601e-01
8.228385395203164920e-01 3.307453416149068182e-01
8.168218907112831939e-01 3.307453416149068182e-01
8.066430396439462358e-01 3.307453416149068182e-01
7.850078298854363812e-01 3.307453416149068182e-01
7.778166982609412416e-01 3.307453416149068182e-01
7.750968433198713869e-01 3.307453416149068182e-01
7.719030742602820405e-01 3.307453416149068182e-01
7.588395285584769168e-01 3.307453416149068182e-01
7.327742520398912163e-01 3.307453416149068182e-01
7.176296052089342625e-01 3.493788819875776608e-01
7.040097255419105471e-01 3.493788819875776608e-01
6.919352180004945119e-01 3.493788819875776608e-01
6.858567543064369998e-01 3.493788819875776608e-01
6.815091073930602539e-01 3.493788819875776608e-01
6.774705349048050218e-01 3.493788819875776608e-01
6.732671227231517008e-01 3.509316770186335366e-01
6.700733536635621324e-01 3.509316770186335366e-01
6.665705101788510500e-01 3.509316770186335366e-01
6.624701228055716040e-01 3.509316770186335366e-01
6.585345751256902469e-01 3.509316770186335366e-01
6.560001648396933671e-01 3.509316770186335366e-01
6.531154702052254235e-01 3.509316770186335366e-01
6.447498557652683315e-01 3.509316770186335366e-01
6.405258386219401245e-01 3.509316770186335366e-01
6.372908596390011171e-01 3.524844720496894679e-01
6.341176955410863236e-01 3.524844720496894679e-01
6.310475562515454051e-01 3.524844720496894679e-01
6.281010467320530255e-01 3.524844720496894679e-01
6.243921536305941933e-01 3.586956521739130266e-01
6.198178521387950335e-01 6.250000000000000000e-01
6.153877853787191876e-01 8.027950310559006653e-01
6.080936289458501731e-01 8.082298136645962305e-01
6.046938102695128547e-01 8.082298136645962305e-01
6.010261270914035725e-01 8.082298136645962305e-01
5.978323580318141151e-01 8.090062111801241684e-01
5.941440698920299468e-01 8.090062111801241684e-01
5.900024725954009508e-01 8.090062111801241684e-01
5.860257149921701547e-01 8.090062111801241684e-01
5.820489573889392476e-01 8.113354037267080932e-01
5.769183219319211631e-01 8.113354037267080932e-01
5.722409956317481283e-01 8.121118012422360311e-01
5.646171598120827140e-01 8.121118012422360311e-01
5.556127915602077083e-01 8.144409937888198447e-01
5.445891370642050866e-01 8.144409937888198447e-01
0.000000000000000000e+00 1.000000000000000000e+00
0.000000000000000000e+00 1.000000000000000000e+00
0.000000000000000000e+00 1.000000000000000000e+00
0.000000000000000000e+00 1.000000000000000000e+00
0.000000000000000000e+00 1.000000000000000000e+00
0.000000000000000000e+00 1.000000000000000000e+00
0.000000000000000000e+00 1.000000000000000000e+00
0.000000000000000000e+00 1.000000000000000000e+00
0.000000000000000000e+00 1.000000000000000000e+00
0.000000000000000000e+00 1.000000000000000000e+00
0.000000000000000000e+00 1.000000000000000000e+00
0.000000000000000000e+00 1.000000000000000000e+00
0.000000000000000000e+00 1.000000000000000000e+00
0.000000000000000000e+00 1.000000000000000000e+00
0.000000000000000000e+00 1.000000000000000000e+00
0.000000000000000000e+00 1.000000000000000000e+00
0.000000000000000000e+00 1.000000000000000000e+00
0.000000000000000000e+00 1.000000000000000000e+00
0.000000000000000000e+00 1.000000000000000000e+00
0.000000000000000000e+00 1.000000000000000000e+00
0.000000000000000000e+00 1.000000000000000000e+00
0.000000000000000000e+00 1.000000000000000000e+00
0.000000000000000000e+00 1.000000000000000000e+00
0.000000000000000000e+00 1.000000000000000000e+00
0.000000000000000000e+00 1.000000000000000000e+00
0.000000000000000000e+00 1.000000000000000000e+00
0.000000000000000000e+00 1.000000000000000000e+00
0.000000000000000000e+00 1.000000000000000000e+00
0.000000000000000000e+00 1.000000000000000000e+00
0.000000000000000000e+00 1.000000000000000000e+00
0.000000000000000000e+00 1.000000000000000000e+00
0.000000000000000000e+00 1.000000000000000000e+00
0.000000000000000000e+00 1.000000000000000000e+00
