9.490555589737279529e-01 1.337191593055132577e-01
9.419184150618347129e-01 1.949436491014316097e-01
9.393958038515966003e-01 2.147426134632957617e-01
9.375499907709345937e-01 2.290587876941821421e-01
9.361963945117824926e-01 2.433749619250685226e-01
9.346582169445640798e-01 2.540359427353030553e-01
9.331200393773456669e-01 2.650015229972585984e-01
9.323201870423921678e-01 2.683521169661894357e-01
9.315203347074386686e-01 2.738349070971672350e-01
9.301667384482864565e-01 2.866280840694486742e-01
9.284439795730019540e-01 3.009442583003350546e-01
9.267212206977173405e-01 3.180018275967103070e-01
9.245062450009229327e-01 3.216570210173621547e-01
9.235218113579030108e-01 3.259214133414559678e-01
9.214914169691749146e-01 3.292720073103868605e-01
9.197686580938904122e-01 3.356685957965275802e-01
9.157078693164338867e-01 3.475479744136460436e-01
8.443364301975020414e-01 5.589399939080109680e-01
8.216944564080477242e-01 5.979287237282973066e-01
8.103734695133205657e-01 6.091989034419738047e-01
7.985602657970836127e-01 6.180322875418824413e-01
7.913000676798129795e-01 6.238196771245811956e-01
7.855165200270718406e-01 6.289978678038379289e-01
7.800406078877745175e-01 6.353944562899787041e-01
7.742570602350334896e-01 6.430094425830032989e-01
7.685350396849813803e-01 6.457508376484922819e-01
7.631206546483726427e-01 6.524520255863539564e-01
7.572755798929428073e-01 6.558026195552848492e-01
7.504460714944931610e-01 6.597624124276576518e-01
7.426936565557128445e-01 6.646360036551933748e-01
7.349412416169323059e-01 6.704233932378921290e-01
7.228819294899403447e-01 6.807797745964057068e-01
7.054697594290284535e-01 6.871763630825464819e-01
6.746446809819726109e-01 6.917453548583613054e-01
5.408232326339752483e-01 7.776424002436795879e-01
5.272872700424536818e-01 7.913493755711239475e-01
5.175659878176336326e-01 7.946999695400548402e-01
5.095674644680981968e-01 7.986597624124276429e-01
5.028610102750261657e-01 8.017057569296374142e-01
4.954162308496892764e-01 8.059701492537313383e-01
4.887713037593059973e-01 8.096253426743832415e-01
4.829262290038762173e-01 8.138897349984770546e-01
4.777579523780225990e-01 8.199817240328967083e-01
4.724666215467913655e-01 8.297289064879683762e-01
4.663754383806066328e-01 8.379530916844349919e-01
4.603457823171107077e-01 8.480048735912275593e-01
4.557312496154556358e-01 8.553152604325312547e-01
4.509321356057343078e-01 8.665854401462078638e-01
4.419491786131791167e-01 8.754188242461163894e-01
4.301975019996308602e-01 8.860798050563508665e-01
3.782071002276503058e-01 8.973499847700273646e-01
3.368608872208207483e-01 9.067925677733780221e-01
3.132960068910354834e-01 9.208041425525433921e-01
2.994524087860702677e-01 9.348157173317087620e-01
2.878237863778994599e-01 9.448674992385013294e-01
2.785947209745893161e-01 9.579652756625037791e-01
2.722574293976496862e-01 9.701492537313433084e-01
2.664123546422199063e-01 9.844654279622296889e-01
2.630898910970282389e-01 9.899482180932074327e-01
2.563834369039562078e-01 9.908620164483703530e-01
2.394019565618654977e-01 9.920804142552543947e-01
2.339260444225681745e-01 9.926896131586963046e-01
2.300498369531778775e-01 9.936034115138592249e-01
2.256814126622777583e-01 9.948218093207432666e-01
2.117762874546237628e-01 9.969540054827901177e-01
2.042699809265981770e-01 9.984770027413950588e-01
1.946717529071556041e-01 9.987816021931160693e-01
0.000000000000000000e+00 1.000000000000000000e+00
0.000000000000000000e+00 1.000000000000000000e+00
0.000000000000000000e+00 1.000000000000000000e+00
0.000000000000000000e+00 1.000000000000000000e+00
0.000000000000000000e+00 1.000000000000000000e+00
0.000000000000000000e+00 1.000000000000000000e+00
0.000000000000000000e+00 1.000000000000000000e+00
0.000000000000000000e+00 1.000000000000000000e+00
0.000000000000000000e+00 1.000000000000000000e+00
0.000000000000000000e+00 1.000000000000000000e+00
0.000000000000000000e+00 1.000000000000000000e+00
0.000000000000000000e+00 1.000000000000000000e+00
0.000000000000000000e+00 1.000000000000000000e+00
0.000000000000000000e+00 1.000000000000000000e+00
0.000000000000000000e+00 1.000000000000000000e+00
0.000000000000000000e+00 1.000000000000000000e+00
0.000000000000000000e+00 1.000000000000000000e+00
0.000000000000000000e+00 1.000000000000000000e+00
0.000000000000000000e+00 1.000000000000000000e+00
0.000000000000000000e+00 1.000000000000000000e+00
0.000000000000000000e+00 1.000000000000000000e+00
0.000000000000000000e+00 1.000000000000000000e+00
0.000000000000000000e+00 1.000000000000000000e+00
0.000000000000000000e+00 1.000000000000000000e+00
0.000000000000000000e+00 1.000000000000000000e+00
0.000000000000000000e+00 1.000000000000000000e+00
0.000000000000000000e+00 1.000000000000000000e+00
0.000000000000000000e+00 1.000000000000000000e+00
0.000000000000000000e+00 1.000000000000000000e+00
0.000000000000000000e+00 1.000000000000000000e+00
0.000000000000000000e+00 1.000000000000000000e+00
0.000000000000000000e+00 1.000000000000000000e+00
0.000000000000000000e+00 1.000000000000000000e+00
