3.906268946283497634e-01 9.483758700696055532e-01
3.929913908087788732e-01 9.483758700696055532e-01
4.270643870498362915e-01 9.483758700696055532e-01
4.600460773614648002e-01 9.399651972157773150e-01
4.861161634533769926e-01 9.309744779582366236e-01
5.160058202982903408e-01 9.228538283062645009e-01
5.625075785133988315e-01 9.042923433874709982e-01
6.533284830847581048e-01 8.644141531322505623e-01
7.502121983751666168e-01 8.535382830626450090e-01
7.679156056747907799e-01 8.420823665893271137e-01
7.800412271128894792e-01 8.352668213457076218e-01
7.896204680489874450e-01 8.265661252900231570e-01
8.001091305929428632e-01 8.216357308584686381e-01
8.069601067054686938e-01 8.152552204176334305e-01
8.129622893173275022e-01 8.081496519721579341e-01
8.187825876076149090e-01 8.026392111368909621e-01
8.244816296835212333e-01 7.950986078886310704e-01
8.295137625803322701e-01 7.874129930394431209e-01
8.335758457620953132e-01 7.791473317865429404e-01
8.372135321935250118e-01 7.739269141531321949e-01
8.403661937674307136e-01 7.707366589327147022e-01
8.442463926276221331e-01 7.655162412993039567e-01
8.464896325936702715e-01 7.565255220417632653e-01
8.484297320237662587e-01 7.501450116009280578e-01
8.521886746695768178e-01 7.469547563805104540e-01
8.554019643506729498e-01 7.427494199535964459e-01
8.598884442827694485e-01 7.360788863109049007e-01
8.702558506123438953e-01 7.324535962877030126e-01
8.809263974778707151e-01 7.295533642691415244e-01
8.928701345943980128e-01 7.253480278422272942e-01
9.001455074572571879e-01 7.221577726218096904e-01
9.058445495331636232e-01 7.180974477958236291e-01
9.126955256456893428e-01 7.147621809744780785e-01
9.174851461137383257e-01 7.092517401392111065e-01
9.233660725112161627e-01 7.024361948955916146e-01
9.258518249060264660e-01 6.902552204176334305e-01
9.282163210864556868e-01 6.690835266821345551e-01
9.382805868800776494e-01 6.413863109048724143e-01
9.410694798108403258e-01 6.190545243619489657e-01
9.427064387049836069e-01 6.041183294663573511e-01
9.444040257063174293e-01 5.932424593967516868e-01
9.466472656723656787e-01 5.851218097447795641e-01
9.479204559233660454e-01 5.765661252900231570e-01
9.490117618527948995e-01 5.669953596287703457e-01
9.499211834606523519e-01 5.561194895591646814e-01
9.509518612828907758e-01 5.456786542923434125e-01
9.515581423547956330e-01 5.350928074245939747e-01
9.524675639626530854e-01 5.269721577726218520e-01
9.533163574633199966e-01 5.200116009280741913e-01
9.538013823208439934e-01 5.130510440835266417e-01
9.542864071783678792e-01 5.053654292343386922e-01
9.547108039287013348e-01 4.984048723897911981e-01
9.551352006790347904e-01 4.902842227378190199e-01
9.559233660725112713e-01 4.808584686774942107e-01
9.566509033587971000e-01 4.712877030162412884e-01
9.571965563235115271e-01 4.637470997679814522e-01
9.579847217169880080e-01 4.472157772621809801e-01
9.593791681823693462e-01 4.325696055684454810e-01
9.605311022189887415e-01 4.235788863109048452e-01
9.617436643627985671e-01 4.190835266821345551e-01
9.624712016490845068e-01 4.151682134570765514e-01
9.633199951497514180e-01 4.116879350348027766e-01
9.636837637928943323e-01 4.086426914153132306e-01
9.649569540438946991e-01 4.070475638051044287e-01
9.653813507942281547e-01 4.054524361948955713e-01
9.659876318661331229e-01 4.032772621809744829e-01
9.664726567236571197e-01 4.019721577726218520e-01
9.667757972596096039e-01 3.986368909512760794e-01
9.668970534739905753e-01 3.961716937354988755e-01
9.672001940099430595e-01 3.931264501160092739e-01
9.676852188674669453e-01 3.908062645011600722e-01
9.677458469746574865e-01 3.893561484918793281e-01
9.678064750818479167e-01 3.877610208816705262e-01
9.679883594034194294e-01 3.866009280742459531e-01
9.681702437249909421e-01 3.858758700696055532e-01
9.684733842609434262e-01 3.845707656612529779e-01
9.686552685825148279e-01 3.829756380510440650e-01
9.686552685825148279e-01 3.808004640371229765e-01
9.687765247968957993e-01 3.781902552204176593e-01
9.688371529040863406e-01 3.764501160092807441e-01
9.689584091184673120e-01 3.755800464037122310e-01
9.690190372256578533e-01 3.745649651972157712e-01
9.691402934400388247e-01 3.735498839907192559e-01
9.691402934400388247e-01 3.725348027842227405e-01
9.691402934400388247e-01 3.718097447795823407e-01
9.692009215472292549e-01 3.715197215777262252e-01
9.692009215472292549e-01 3.712296983758700542e-01
9.693221777616103374e-01 3.706496519721577676e-01
9.693828058688007676e-01 3.705046403712297098e-01
9.694434339759913088e-01 3.699245939675174788e-01
9.695040620831817391e-01 3.696345707656612523e-01
9.695040620831817391e-01 3.690545243619489657e-01
9.695646901903722803e-01 3.689095127610209079e-01
9.696859464047532517e-01 3.683294663573085659e-01
9.697465745119436820e-01 3.680394431554524504e-01
9.699284588335151946e-01 3.676044083526682216e-01
9.699284588335151946e-01 3.676044083526682216e-01
9.699284588335151946e-01 3.673143851508120505e-01
9.699890869407057359e-01 3.668793503480278217e-01
9.699890869407057359e-01 3.667343387470997640e-01
