9.958216302302012979e-01 0.762375059495478236e-01
9.758216302302012979e-01 2.762375059495478236e-01
9.729673829862044432e-01 4.119466920514041064e-01
9.724089433080311817e-01 4.269990480723465098e-01
9.719539183850751662e-01 4.456211327939076372e-01
9.716229911683799125e-01 4.516896715849595401e-01
9.714368446089888254e-01 4.593645882912898437e-01
9.710231855881197305e-01 4.715016658733936494e-01
9.706302095182940404e-01 4.736435030937648505e-01
9.702992823015987867e-01 4.786411232746311528e-01
9.696994767213386046e-01 4.822108519752498768e-01
9.691617199942087479e-01 4.837577344121846701e-01
9.679000599805580585e-01 4.866730128510233233e-01
9.658317648762125840e-01 5.896001903855306869e-01
9.645494219115183787e-01 5.918610185625892139e-01
9.563382903472666952e-01 5.939433603046168075e-01
9.540424827814432129e-01 5.962636839600190530e-01
9.486649155101449793e-01 6.002498810090433068e-01
8.699249208877122275e-01 7.621965730604474132e-01
8.493867505015615382e-01 7.956925273679199551e-01
8.306686798072349109e-01 8.046763445978105667e-01
8.194585203416823171e-01 8.161589719181342462e-01
8.095513867918674444e-01 8.230009519276535457e-01
7.977621046970981844e-01 8.278795811518324665e-01
7.793542782684232950e-01 8.341861018562589658e-01
7.694264617675650175e-01 8.368633983817229671e-01
7.608844029866180803e-01 8.397191813422181239e-01
7.538521996318434670e-01 8.429914326511185330e-01
7.446069205154192128e-01 8.451332698714897340e-01
7.358373492729942678e-01 8.482865302237030392e-01
7.263645576950918947e-01 8.525702046644455523e-01
7.160644480754514429e-01 8.548905283198475757e-01
7.033237502326832313e-01 8.564969062351260876e-01
6.921963225713044787e-01 8.667301285102332331e-01
6.813584562245341703e-01 8.758329366968110596e-01
2.926637572648865815e-01 9.092099000475963866e-01
2.715464642495191150e-01 9.209900047596382144e-01
2.553517135824939777e-01 9.283079485959067068e-01
2.399842809572069746e-01 9.322346501665873530e-01
2.278847545967858657e-01 9.369942884340790590e-01
2.179983039980144255e-01 9.411589719181342462e-01
2.075327307700262636e-01 9.450856734888148925e-01
2.000868683943824999e-01 9.484174202760590200e-01
1.928685184802167718e-01 9.510352213231794138e-01
1.856708515170944485e-01 9.527605901951451406e-01
1.800037229311878262e-01 9.551999048072346010e-01
1.750191317297151994e-01 9.564493098524512460e-01
1.691244906823305416e-01 9.581746787244169727e-01
1.637469234110322802e-01 9.601380295097571294e-01
1.578936482657345430e-01 9.622203712517848340e-01
1.514819334422635444e-01 9.638862446454069532e-01
1.127634490889160152e-01 9.654331270823417466e-01
9.896792074293161989e-02 9.695978105663969338e-01
9.179093673085275684e-02 9.741194669205139878e-01
8.546195371155557163e-02 9.748334126606378325e-01
8.027053299964838351e-02 9.757258448357924996e-01
7.607189393782705367e-02 9.808424559733460724e-01
7.226623094583134455e-02 9.890528319847691208e-01
6.893627582783511121e-02 9.932770109471680264e-01
6.539949119940433042e-02 9.950618752974773606e-01
6.165587706053899525e-02 9.966682532127558725e-01
5.818114128523857453e-02 9.977986673012850805e-01
5.536825994332871675e-02 9.983341266063778807e-01
5.164532875550683494e-02 9.986316039980961401e-01
4.829469068646714824e-02 9.991075678248453329e-01
4.457175949864527337e-02 9.992860542598762663e-01
4.182092700986576872e-02 9.994645406949071997e-01
3.818072762621770727e-02 9.999405045216563925e-01
0.000000000000000000e+00 1.000000000000000000e+00
0.000000000000000000e+00 1.000000000000000000e+00
0.000000000000000000e+00 1.000000000000000000e+00
0.000000000000000000e+00 1.000000000000000000e+00
0.000000000000000000e+00 1.000000000000000000e+00
0.000000000000000000e+00 1.000000000000000000e+00
0.000000000000000000e+00 1.000000000000000000e+00
0.000000000000000000e+00 1.000000000000000000e+00
0.000000000000000000e+00 1.000000000000000000e+00
0.000000000000000000e+00 1.000000000000000000e+00
0.000000000000000000e+00 1.000000000000000000e+00
0.000000000000000000e+00 1.000000000000000000e+00
0.000000000000000000e+00 1.000000000000000000e+00
0.000000000000000000e+00 1.000000000000000000e+00
0.000000000000000000e+00 1.000000000000000000e+00
0.000000000000000000e+00 1.000000000000000000e+00
0.000000000000000000e+00 1.000000000000000000e+00
0.000000000000000000e+00 1.000000000000000000e+00
0.000000000000000000e+00 1.000000000000000000e+00
0.000000000000000000e+00 1.000000000000000000e+00
0.000000000000000000e+00 1.000000000000000000e+00
0.000000000000000000e+00 1.000000000000000000e+00
0.000000000000000000e+00 1.000000000000000000e+00
0.000000000000000000e+00 1.000000000000000000e+00
0.000000000000000000e+00 1.000000000000000000e+00
0.000000000000000000e+00 1.000000000000000000e+00
0.000000000000000000e+00 1.000000000000000000e+00
0.000000000000000000e+00 1.000000000000000000e+00
0.000000000000000000e+00 1.000000000000000000e+00
0.000000000000000000e+00 1.000000000000000000e+00
0.000000000000000000e+00 1.000000000000000000e+00
0.000000000000000000e+00 1.000000000000000000e+00
0.000000000000000000e+00 1.000000000000000000e+00
