7.314236166004934626e-04 9.757684176288826394e-03 2.488155655409382723e-03 5.010020040080160122e-03 4.533091568449682668e-04 1.863354037267080654e-01 9.921293161814488393e-01 1.863354037267080654e-01
2.685543262087561334e-01 1.164087888635591955e-02 7.328928371027020328e-01 6.008110949782205674e-03 1.644275941646748396e-01 1.863354037267080654e-01 7.676314601670052307e-01 1.863354037267080654e-01
4.248901960265753508e-01 1.383763837638376376e-02 7.328928371027020328e-01 7.185628742514969976e-03 2.993076732877277268e-01 1.863354037267080654e-01 5.829665989618596500e-01 1.863354037267080654e-01
4.361393945134182104e-01 1.405975395430579880e-02 7.328928371027020328e-01 7.305491294289540548e-03 3.105991922855023679e-01 1.863354037267080654e-01 5.675073346874294211e-01 1.863354037267080654e-01
4.407682442594705319e-01 1.415469906520008120e-02 7.328928371027020328e-01 7.356772828985684923e-03 3.153177285090250082e-01 1.863354037267080654e-01 5.610471676822387233e-01 1.863354037267080654e-01
4.458387873478760755e-01 1.402591227861642656e-02 7.327048307496911717e-01 7.292052898282041888e-03 3.205719937360916871e-01 1.832298136645962860e-01 5.538535319341006957e-01 1.832298136645962860e-01
4.596717635803871937e-01 1.432560398203229328e-02 7.327129787718851262e-01 7.454200884396714952e-03 3.350778867551306717e-01 1.832298136645962860e-01 5.339934552019860448e-01 1.832298136645962860e-01
4.971970201682894830e-01 1.083290088220031228e-02 7.299887226285378672e-01 5.652585973463308995e-03 3.772562433033874729e-01 1.296583850931677107e-01 4.762468968630105826e-01 1.296583850931677107e-01
5.274313651702721151e-01 7.311605449215381573e-03 7.280468586250105067e-01 3.825748005919081974e-03 4.138506552377813064e-01 8.229813664596273559e-02 4.261453396524486625e-01 8.229813664596273559e-02
5.353871819192156378e-01 7.434162078760037790e-03 7.281588962410846522e-01 3.892908296301737098e-03 4.236998269183219756e-01 8.229813664596273559e-02 4.126607989167230817e-01 8.229813664596273559e-02
5.447281940169015346e-01 7.443991124472120607e-03 7.282182471414393454e-01 3.901853380355669101e-03 4.355064699579658805e-01 8.074534161490683204e-02 3.964962762356127324e-01 8.074534161490683204e-02
5.527902337369173802e-01 7.580451182623274345e-03 7.283263388414584760e-01 3.976903368896026955e-03 4.458707656803758690e-01 8.074534161490683204e-02 3.823064770932069756e-01 8.074534161490683204e-02
5.761927312382321142e-01 8.022524781116209536e-03 7.286231170650131483e-01 4.220950525589512239e-03 4.770254677326300485e-01 8.074534161490683204e-02 3.396524486571879664e-01 8.074534161490683204e-02
5.848383583717920997e-01 8.205775603597916662e-03 7.287267979869147538e-01 4.322527015793848487e-03 4.889557405423226033e-01 8.074534161490683204e-02 3.233186639584743616e-01 8.074534161490683204e-02
5.940458149876668426e-01 8.334344782942914101e-03 7.288043614598713749e-01 4.396261044005292731e-03 5.019368663974285161e-01 7.996894409937888026e-02 3.055461521101331401e-01 7.996894409937888026e-02
5.973672018055632416e-01 8.331631611190524339e-03 7.288131897946626969e-01 4.397120317282406966e-03 5.066966125443006508e-01 7.919254658385092849e-02 2.990295644324080238e-01 7.919254658385092849e-02
6.016598331504564579e-01 8.352975230533845816e-03 7.288332485257427162e-01 4.411443546625900929e-03 5.128987060084068128e-01 7.841614906832297671e-02 2.905382532159783149e-01 7.841614906832297671e-02
6.048481462335151271e-01 8.431421654562148982e-03 7.288694460144411469e-01 4.455227172474636108e-03 5.175348223852302976e-01 7.841614906832297671e-02 2.841909275558564540e-01 7.841614906832297671e-02
6.111404528452943907e-01 8.592453953804927297e-03 7.289397844717330210e-01 4.545249988749381319e-03 5.267864501772026031e-01 7.841614906832297671e-02 2.715244865718799416e-01 7.841614906832297671e-02
6.165039231465404557e-01 8.736646338826176139e-03 7.289986155261927170e-01 4.626024824806485546e-03 5.347811753070138563e-01 7.841614906832297671e-02 2.605788761002031384e-01 7.841614906832297671e-02
6.215016365179786284e-01 8.877169852779609807e-03 7.290525280388455709e-01 4.704895886709833767e-03 5.423225912799800597e-01 7.841614906832297671e-02 2.502538930264048833e-01 7.841614906832297671e-02
6.288083139455162840e-01 9.094183324329190715e-03 7.291298181730809791e-01 4.826992926782641517e-03 5.535110854693809923e-01 7.841614906832297671e-02 2.349356804333107562e-01 7.841614906832297671e-02
6.318385585149904893e-01 9.188500727802037873e-03 7.291613518512622960e-01 4.880170081175106214e-03 5.582090167312288020e-01 7.841614906832297671e-02 2.285037237643872676e-01 7.841614906832297671e-02
6.362803117641026018e-01 9.240009240009240329e-03 7.291807575512946338e-01 4.912315174141573121e-03 5.651734937773015277e-01 7.763975155279502494e-02 2.189686301060708717e-01 7.763975155279502494e-02
6.390772213713303840e-01 9.333146670399925307e-03 7.291833294816212341e-01 4.964996772752097720e-03 5.696035605373773736e-01 7.763975155279502494e-02 2.129034078086210757e-01 7.763975155279502494e-02
6.413091089942585254e-01 9.408665380815731463e-03 7.292061694784289783e-01 5.007762031148279940e-03 5.731476139454380059e-01 7.763975155279502494e-02 2.080512299706612500e-01 7.763975155279502494e-02
6.430938424843247736e-01 9.471042288203815676e-03 7.291985373781956215e-01 5.043118664582177564e-03 5.760117036182312855e-01 7.763975155279502494e-02 2.041299932295193020e-01 7.763975155279502494e-02
6.447012122053427108e-01 9.527439024390243691e-03 7.292149128202369823e-01 5.075111652456353907e-03 5.785873238275776043e-01 7.763975155279502494e-02 2.006037011961182559e-01 7.763975155279502494e-02
6.462846964864592536e-01 9.394622058189139313e-03 7.291543119585085497e-01 5.006385696040868520e-03 5.811835489985988090e-01 7.608695652173913526e-02 1.970491988264500005e-01 7.608695652173913526e-02
6.480197499303300690e-01 9.460372622840043308e-03 7.290450917133258768e-01 5.043746783324755747e-03 5.840682436330668637e-01 7.608695652173913526e-02 1.930997517490408433e-01 7.608695652173913526e-02
6.492041804583504883e-01 9.503951898365902567e-03 7.290323202173177863e-01 5.068528575122834001e-03 5.860051100304952687e-01 7.608695652173913526e-02 1.904479801399232564e-01 7.608695652173913526e-02
6.507392068565670540e-01 9.560975609756097379e-03 7.290234131664136141e-01 5.100978555069747913e-03 5.885189153548173735e-01 7.608695652173913526e-02 1.870063191153238658e-01 7.608695652173913526e-02
6.572203935822922283e-01 9.817180065113948959e-03 7.288443354297809984e-01 5.247095357926861992e-03 5.993365202340723563e-01 7.608695652173913526e-02 1.721958925750395053e-01 7.608695652173913526e-02
6.593101827609575416e-01 9.923548174775960115e-03 7.282535356037500573e-01 5.307913123544385700e-03 6.032308579906041635e-01 7.608695652173913526e-02 1.668641390205371222e-01 7.608695652173913526e-02
6.610068328447256114e-01 9.995920032639738287e-03 7.282018930290476977e-01 5.349344978165938673e-03 6.061155526250721071e-01 7.608695652173913526e-02 1.629146919431279650e-01 7.608695652173913526e-02
6.658540237998893385e-01 1.020301926080166392e-02 7.282398021431786272e-01 5.468139716549491949e-03 6.142957224099563351e-01 7.608695652173913526e-02 1.517151884450462784e-01 7.608695652173913526e-02
6.684072847799570338e-01 1.032013479359730410e-02 7.281766479344166099e-01 5.535472209670130699e-03 6.187051842083572950e-01 7.608695652173913526e-02 1.456781764838636917e-01 7.608695652173913526e-02
6.719117094610650431e-01 1.049025904517234160e-02 7.280087884920015684e-01 5.633478960680616578e-03 6.248660677491139070e-01 7.608695652173913526e-02 1.372432859399684013e-01 7.608695652173913526e-02
6.764705351369149078e-01 1.070979727883722074e-02 7.280693430424498569e-01 5.760300946335155520e-03 6.327577680705513963e-01 7.608695652173913526e-02 1.264387271496276166e-01 7.608695652173913526e-02
6.776773815583589933e-01 1.077100620981480406e-02 7.280619624552848723e-01 5.795730084570347058e-03 6.348800791230527762e-01 7.608695652173913526e-02 1.235330625141051741e-01 7.608695652173913526e-02
6.790466406042037217e-01 1.084250705316147645e-02 7.280336447819696355e-01 5.837155280243016414e-03 6.373114646006757811e-01 7.608695652173913526e-02 1.202042428345745928e-01 7.608695652173913526e-02
6.823040529823917177e-01 1.101432986794043459e-02 7.280307617954279165e-01 5.936875265039074333e-03 6.430808538696118903e-01 7.608695652173913526e-02 1.123053486797562645e-01 7.608695652173913526e-02
6.845720167534946610e-01 1.113762927605409757e-02 7.280379601291016023e-01 6.008583690987124790e-03 6.471194263578669004e-01 7.608695652173913526e-02 1.067761227713834304e-01 7.608695652173913526e-02
6.864781806265172204e-01 1.127343839871160908e-02 7.274962106756091007e-01 6.087712759348987666e-03 6.509725541910491575e-01 7.608695652173913526e-02 1.015007898894154797e-01 7.608695652173913526e-02
6.877198739063770105e-01 1.137616808868767773e-02 7.269285777447648256e-01 6.147669531397026779e-03 6.536718041704442372e-01 7.608695652173913526e-02 9.780523583841119195e-02 7.608695652173913526e-02
6.885504437174371217e-01 1.109035722624328660e-02 7.266504514908317391e-01 5.995960616006059361e-03 6.554026209511250034e-01 7.375776397515527993e-02 9.543556759196569761e-02 7.375776397515527993e-02
6.837790778645875811e-01 1.150469270360278753e-02 7.144969301090636771e-01 6.238917711959020458e-03 6.568037583450094807e-01 7.375776397515527993e-02 9.351726472579553751e-02 7.375776397515527993e-02
6.786753964012228746e-01 1.009654824256957066e-02 7.018103886704420979e-01 5.494882890308400332e-03 6.582873155855929470e-01 6.211180124223602411e-02 9.148612051455654037e-02 6.211180124223602411e-02
6.733580439620432401e-01 1.042078881414061457e-02 6.891286541620311734e-01 5.694104079573302987e-03 6.596266380944530994e-01 6.133540372670807234e-02 8.965244865718799416e-02 6.133540372670807234e-02
6.741562649176324751e-01 1.047328649078616003e-02 6.891619287723387277e-01 5.725467459052036544e-03 6.611308002967114517e-01 6.133540372670807234e-02 8.759309410968178777e-02 6.133540372670807234e-02
6.749979275197922624e-01 1.052912168465946867e-02 6.892001683622904773e-01 5.758856976235602471e-03 6.627173823456687929e-01 6.133540372670807234e-02 8.542089821710674435e-02 6.133540372670807234e-02
6.756523838349508537e-01 1.057917643120187198e-02 6.891414751524482796e-01 5.788818055250237807e-03 6.640360998928541703e-01 6.133540372670807234e-02 8.361543669600542128e-02 6.133540372670807234e-02
6.760384871704407939e-01 1.061542596076323584e-02 6.890149063441947108e-01 5.810532509561636139e-03 6.649015082831946089e-01 6.133540372670807234e-02 8.243060257278267411e-02 6.133540372670807234e-02
6.764708607103020466e-01 1.051212938005390875e-02 6.890073206114580850e-01 5.755608028335300851e-03 6.657463117118601614e-01 6.055900621118012750e-02 8.127397878582712232e-02 6.055900621118012750e-02
6.769875222726203789e-01 1.055408970976253261e-02 6.889339839662821374e-01 5.780775216779070538e-03 6.668177697189482389e-01 6.055900621118012750e-02 7.980704129993229645e-02 6.055900621118012750e-02
6.768723404007395139e-01 1.034928848641655796e-02 6.878683259466842337e-01 5.672065079483543451e-03 6.676007582625895775e-01 5.900621118012422395e-02 7.873504852177838631e-02 5.900621118012422395e-02
6.770772513898248857e-01 1.026623776606666247e-02 6.873125096811913970e-01 5.629362756136005105e-03 6.685279815379543411e-01 5.822981366459627217e-02 7.746558338975401137e-02 5.822981366459627217e-02
6.775937324081751090e-01 1.030007553388724746e-02 6.873545972677456151e-01 5.649717514124293766e-03 6.694964147366685436e-01 5.822981366459627217e-02 7.613969758519521791e-02 5.822981366459627217e-02
6.779173375103219046e-01 1.022099447513812390e-02 6.868532702956418046e-01 5.609460278956943623e-03 6.706090826671061711e-01 5.745341614906832040e-02 7.461633942676597353e-02 5.745341614906832040e-02
6.780911155422518766e-01 1.005656819610308006e-02 6.854321366135108784e-01 5.525285856803008322e-03 6.723192944861122733e-01 5.590062111801242378e-02 7.227488151658767457e-02 5.590062111801242378e-02
6.791168781272425292e-01 1.015371597800028211e-02 6.851171524264866308e-01 5.583992554676594014e-03 6.746476551553614032e-01 5.590062111801242378e-02 6.908711351839313952e-02 5.590062111801242378e-02
6.765404490224293799e-01 1.054636004101362247e-02 6.774414377401943854e-01 5.822416302765648019e-03 6.771202505563339580e-01 5.590062111801242378e-02 6.570187316632813967e-02 5.590062111801242378e-02
6.775646780437345473e-01 1.068011570125343077e-02 6.768478952906775703e-01 5.904059040590405733e-03 6.797782906123793767e-01 5.590062111801242378e-02 6.206273978785827039e-02 5.590062111801242378e-02
6.782807030197119946e-01 1.077682981589582305e-02 6.764256038454036224e-01 5.963226768262381954e-03 6.816533421247835678e-01 5.590062111801242378e-02 5.949559918754231819e-02 5.590062111801242378e-02
6.791433453092948769e-01 1.088188619360689301e-02 6.760797473613833208e-01 6.027626622017581010e-03 6.837550482156102838e-01 5.590062111801242378e-02 5.661814488828707109e-02 5.590062111801242378e-02
6.730233205222682091e-01 1.159420289855072304e-02 6.626768970146954540e-01 6.467840459935321473e-03 6.853004203412181861e-01 5.590062111801242378e-02 5.450236966824644619e-02 5.590062111801242378e-02
6.672480837610864635e-01 1.236794640556557710e-02 6.503578278246689992e-01 6.953162723322066884e-03 6.867221626967773274e-01 5.590062111801242378e-02 5.255585646580906989e-02 5.590062111801242378e-02
6.647157693051859439e-01 1.277728482697426844e-02 6.448136058317124331e-01 7.212983370066119310e-03 6.876081760487925409e-01 5.590062111801242378e-02 5.134281200631911346e-02 5.590062111801242378e-02
6.648115904657068143e-01 1.289860265137943336e-02 6.440411473905116591e-01 7.290400972053462728e-03 6.887002390175553934e-01 5.590062111801242378e-02 4.984766418415707834e-02 5.590062111801242378e-02
6.652141012284877863e-01 1.299521703817345039e-02 6.437555231143164969e-01 7.352190340038803305e-03 6.898953267946921208e-01 5.590062111801242378e-02 4.821146468065898999e-02 5.590062111801242378e-02
6.648221102302469543e-01 1.322556943423952927e-02 6.418210754435470511e-01 7.499999999999999722e-03 6.912964641885765982e-01 5.590062111801242378e-02 4.629316181448882989e-02 5.590062111801242378e-02
6.626979385125419952e-01 1.366094298453657090e-02 6.370261596821407135e-01 7.781260131849129617e-03 6.923267122723151257e-01 5.590062111801242378e-02 4.488264500112841560e-02 5.590062111801242378e-02
6.619887416744337783e-01 1.367751878250818634e-02 6.351040526450846269e-01 7.807345502529140086e-03 6.930684908926069143e-01 5.512422360248447201e-02 4.386707289550891703e-02 5.512422360248447201e-02
6.616780058792319785e-01 1.269407284444878589e-02 6.337141161411161683e-01 7.260136267173014982e-03 6.940575290529958918e-01 5.046583850931676829e-02 4.251297675468291432e-02 5.046583850931676829e-02
6.609265564709437824e-01 1.287001287001286916e-02 6.319205698662238024e-01 7.375468058549869421e-03 6.945726530948652666e-01 5.046583850931676829e-02 4.180771834800271064e-02 5.046583850931676829e-02
6.608348990515673371e-01 1.302605210420841771e-02 6.309096270924009486e-01 7.478140819144040233e-03 6.956029011786037941e-01 5.046583850931676829e-02 4.039720153464229635e-02 5.046583850931676829e-02
6.579642254018780445e-01 1.332639250390421637e-02 6.253626255818789392e-01 7.695082361428400020e-03 6.960562103354487329e-01 4.968944099378881651e-02 3.977657413676371351e-02 4.968944099378881651e-02
6.543537165095828501e-01 1.403662682311656792e-02 6.183917463719882379e-01 8.172647171497892174e-03 6.967155691090414216e-01 4.968944099378881651e-02 3.887384337621304503e-02 4.968944099378881651e-02
6.537194068003372438e-01 1.380385171991539532e-02 6.168171845262091502e-01 8.057179987004548655e-03 6.972925080359350103e-01 4.813664596273291990e-02 3.808395396073121358e-02 4.813664596273291990e-02
6.513682253795176624e-01 1.412037037037036993e-02 6.121793784555390472e-01 8.297062023939063419e-03 6.979312618478529240e-01 4.736024844720496813e-02 3.720943353644775436e-02 4.736024844720496813e-02
6.445542184578813005e-01 1.578470694785871417e-02 5.996115545175003669e-01 9.470579102623815498e-03 6.988996950465672375e-01 4.736024844720496813e-02 3.588354773188896091e-02 4.736024844720496813e-02
6.449276094751975608e-01 1.565149341332985541e-02 5.995467109124088534e-01 9.405862987929142216e-03 6.998681282452814401e-01 4.658385093167701635e-02 3.455766192733017439e-02 4.658385093167701635e-02
6.452078156970068035e-01 1.499408128370380115e-02 5.993831016350947838e-01 9.026128266033254036e-03 7.007541415972966536e-01 4.425465838509316796e-02 3.334461746784021796e-02 4.425465838509316796e-02
6.454914760262837614e-01 1.484623541887592629e-02 5.992565599074376470e-01 8.951406649616367936e-03 7.015989450259622062e-01 4.347826086956521618e-02 3.218799368088467311e-02 4.347826086956521618e-02
6.456092454646066292e-01 7.762312633832976067e-03 5.988919398879949396e-01 4.689521345407503261e-03 7.023819335696035449e-01 2.251552795031055987e-02 3.111600090273075950e-02 2.251552795031055987e-02
6.459184414736276469e-01 7.265877287405812270e-03 5.989153500364600147e-01 4.394531250000000000e-03 7.030825022665457835e-01 2.096273291925465979e-02 3.015684946964567945e-02 2.096273291925465979e-02
6.460215038679250066e-01 5.953991880920161094e-03 5.987354488401234187e-01 3.605375286791215848e-03 7.035770213467402723e-01 1.708074534161490785e-02 2.947980139923267809e-02 1.708074534161490785e-02
6.462501639004276655e-01 5.711177590426978583e-03 5.987112227424580269e-01 3.461918892185954482e-03 7.041539602736338610e-01 1.630434782608695607e-02 2.868991198375084664e-02 1.630434782608695607e-02
6.464619086372527246e-01 5.467468562055768748e-03 5.986585638096854067e-01 3.317850033178500538e-03 7.047308992005274497e-01 1.552795031055900603e-02 2.790002256826901519e-02 1.552795031055900603e-02
6.466436408795103175e-01 4.665203073545554774e-03 5.986436757694869604e-01 2.833333333333333537e-03 7.051842083573723885e-01 1.319875776397515590e-02 2.727939517039043235e-02 1.319875776397515590e-02
6.468778820067115909e-01 4.686423156443831305e-03 5.986448154369717889e-01 2.849002849002849145e-03 7.057405423225912022e-01 1.319875776397515590e-02 2.651771609117580669e-02 1.319875776397515590e-02
6.471775324602595525e-01 4.441360166551005725e-03 5.985959323280551914e-01 2.704073009971269016e-03 7.065235308662325409e-01 1.242236024844720413e-02 2.544572331302188961e-02 1.242236024844720413e-02
6.472684705162385921e-01 4.455583402951823757e-03 5.985303667807625461e-01 2.714625042416016470e-03 7.068326052913541657e-01 1.242236024844720413e-02 2.502256826901376810e-02 1.242236024844720413e-02
6.475061547012420649e-01 4.473022085546546518e-03 5.985677361876009517e-01 2.727582679849982830e-03 7.073477293332234295e-01 1.242236024844720413e-02 2.431730986233355749e-02 1.242236024844720413e-02
6.476472842668162810e-01 4.208754208754208678e-03 5.985292144077811738e-01 2.568493150684931364e-03 7.077392236050440433e-01 1.164596273291925409e-02 2.378131347325660241e-02 1.164596273291925409e-02
6.478052621112306841e-01 4.228329809725158740e-03 5.984610374054879500e-01 2.583089374892371271e-03 7.082131377235637570e-01 1.164596273291925409e-02 2.313247573911081031e-02 1.164596273291925409e-02
6.480174533182925245e-01 4.246885617214042619e-03 5.984559329073376732e-01 2.596952908587257542e-03 7.087282617654331318e-01 1.164596273291925409e-02 2.242721733243060317e-02 1.164596273291925409e-02
6.481105506969279118e-01 4.272895598917532400e-03 5.982639312458382097e-01 2.616431187859759224e-03 7.092227808456276206e-01 1.164596273291925409e-02 2.175016926201760181e-02 1.164596273291925409e-02
6.483458741510548240e-01 4.305396096440872178e-03 5.981388472278817980e-01 2.640845070422535162e-03 7.099645594659194092e-01 1.164596273291925409e-02 2.073459715639810325e-02 1.164596273291925409e-02
6.487377379904074592e-01 4.057971014492753846e-03 5.980619152248288772e-01 2.494654312188168341e-03 7.110154125113327117e-01 1.086956521739130405e-02 1.929587000677047970e-02 1.086956521739130405e-02
