3.952588809451714758e-01 4.058007095288479471e-01 9.876755185135864812e-01 2.550062578222778709e-01 3.985110441149326554e-01 9.929942126104173150e-01 9.756976624446503932e-01 9.929942126104173150e-01
4.728741899332592480e-01 4.236517218973359644e-01 9.876755185135864812e-01 2.692657140497233259e-01 4.401648926352058067e-01 9.929942126104173150e-01 9.059829059829059839e-01 9.929942126104173150e-01
5.231312039290900717e-01 4.376132626350761612e-01 9.876755185135864812e-01 2.806473829201102110e-01 4.703747000553744062e-01 9.929942126104173150e-01 8.554216867469879304e-01 9.929942126104173150e-01
5.619345064984671012e-01 4.500586732932974621e-01 9.876755185135864812e-01 2.909675116029989406e-01 4.957238663631329811e-01 9.929942126104173150e-01 8.129955720317165735e-01 9.929942126104173150e-01
5.920603176573088211e-01 4.609402615765287869e-01 9.876755185135864812e-01 3.001288897072362238e-01 5.167661354826801334e-01 9.929942126104173150e-01 7.777777777777777901e-01 9.929942126104173150e-01
6.904153915720854240e-01 5.052140077821011266e-01 9.850889830408146031e-01 3.392913138915020221e-01 5.955823540269489236e-01 9.887298202863235019e-01 6.458655133353928823e-01 9.887298202863235019e-01
7.623127628654995380e-01 5.489489489489489671e-01 9.794463761909789623e-01 3.821070234113712605e-01 6.662154679136159663e-01 9.744136460554371215e-01 5.276490577695397421e-01 9.744136460554371215e-01
7.969543341859526286e-01 5.657311669128507470e-01 9.653777309916483640e-01 4.058815737183733008e-01 7.085461145634652791e-01 9.332927200731038209e-01 4.568015652353001887e-01 9.332927200731038209e-01
8.138343233997140658e-01 5.509005871230967522e-01 9.389655053319015954e-01 4.091043452556902271e-01 7.385098135728789259e-01 8.431312823636917253e-01 4.066522500257440109e-01 8.431312823636917253e-01
8.283896897015068372e-01 5.634937022506710802e-01 9.380870490503684378e-01 4.262064657191941275e-01 7.584445948440288188e-01 8.312519037465732064e-01 3.732880238904335291e-01 8.312519037465732064e-01
8.412697470852841253e-01 5.743699731903485484e-01 9.361388279196219964e-01 4.432307183051969468e-01 7.774564695748477083e-01 8.157173317088028952e-01 3.414684378539800114e-01 8.157173317088028952e-01
8.500241578996063918e-01 5.801526717557252688e-01 9.334816342551931490e-01 4.555246699096595075e-01 7.916077031932566843e-01 7.986597624124276429e-01 3.177839563381731902e-01 7.986597624124276429e-01
8.565443263184095990e-01 5.840145322434150410e-01 9.310962992570036567e-01 4.655203619909502044e-01 8.027441087799175312e-01 7.834297898263783422e-01 2.991452991452991372e-01 7.834297898263783422e-01
8.600449936949687846e-01 5.768061725508534243e-01 9.246732851532971642e-01 4.680326313792449455e-01 8.119116470805389785e-01 7.514468473956746886e-01 2.838018741633199227e-01 7.514468473956746886e-01
8.644310577293209397e-01 5.773738340110020628e-01 9.221388996329694665e-01 4.752904114983264594e-01 8.204639143542731272e-01 7.353030764544623565e-01 2.694882092472453694e-01 7.353030764544623565e-01
8.702941332430446097e-01 5.844949865492785612e-01 9.217748085020279758e-01 4.882533197139938830e-01 8.302467236817818730e-01 7.279926896131586611e-01 2.531150241993615491e-01 7.279926896131586611e-01
8.746370091149864301e-01 5.906323766927569219e-01 9.218661371351030143e-01 4.987410826689047672e-01 8.373838675936751130e-01 7.240328967407858585e-01 2.411698074348676835e-01 7.240328967407858585e-01
8.779131367822470278e-01 5.955734406438631945e-01 9.219898585745790465e-01 5.071749839366030965e-01 8.427982526302836286e-01 7.212915016752969866e-01 2.321079188549068084e-01 7.212915016752969866e-01
8.820227983598628585e-01 6.018423746161719601e-01 9.216972782119411400e-01 5.188616810059563100e-01 8.499969236448655652e-01 7.164179104477611526e-01 2.200597260838224600e-01 7.164179104477611526e-01
8.852248388007747382e-01 6.065871369294605353e-01 9.215891046532499464e-01 5.281101828855272462e-01 8.555958899895403924e-01 7.124581175753883500e-01 2.106889094840902199e-01 7.124581175753883500e-01
8.867204198866907028e-01 6.081275316869202419e-01 9.212011580380484732e-01 5.324942791762014016e-01 8.584876638159109064e-01 7.088029241547365578e-01 2.058490371743383895e-01 7.088029241547365578e-01
8.880298858837196718e-01 6.095764272559852648e-01 9.208964298421217221e-01 5.364667747163694989e-01 8.610102750261490190e-01 7.057569296375266754e-01 2.016270209041293449e-01 7.057569296375266754e-01
8.891528562485891962e-01 6.096526120392469217e-01 9.201064428161912501e-01 5.397980746654144069e-01 8.635944133390758282e-01 7.002741395065489316e-01 1.973020286273298451e-01 7.002741395065489316e-01
8.907744285788796734e-01 6.109548680862462167e-01 9.193771143361296749e-01 5.451720841300191633e-01 8.670399310896450551e-01 6.947913493755710768e-01 1.915353722582638363e-01 6.947913493755710768e-01
8.920701215336817036e-01 6.123550040463987543e-01 9.190365640229914979e-01 5.495037521181311835e-01 8.696240694025718643e-01 6.914407554066402950e-01 1.872103799814643088e-01 6.914407554066402950e-01
8.934774695630217645e-01 6.144234686948254476e-01 9.188898685895937613e-01 5.544117647058823817e-01 8.722697348181873700e-01 6.890039597928723225e-01 1.827824116980743541e-01 6.890039597928723225e-01
8.950748839749722574e-01 6.168377823408623950e-01 9.187317822981820870e-01 5.601690701143710038e-01 8.752845628499353881e-01 6.862625647273834506e-01 1.777365873751415859e-01 6.862625647273834506e-01
8.960556292182003668e-01 6.154697661546976173e-01 9.173151537104541342e-01 5.638945233265719725e-01 8.782378637789947096e-01 6.774291806274749250e-01 1.727937390587993005e-01 6.774291806274749250e-01
8.969647385926942107e-01 6.152343750000000000e-01 9.164404865546867951e-01 5.675675675675675436e-01 8.806374207838553181e-01 6.716417910447761708e-01 1.687776748017711936e-01 6.716417910447761708e-01
8.975837035530512820e-01 6.153630501822260346e-01 9.160435138334018790e-01 5.699818229031420325e-01 8.821140712483849233e-01 6.685957965275662884e-01 1.663062506436000509e-01 6.685957965275662884e-01
8.987510878898939959e-01 6.167562977639400312e-01 9.151922932456703075e-01 5.759978852762357437e-01 8.850058450747555483e-01 6.637222053000304545e-01 1.614663783338482206e-01 6.637222053000304545e-01
9.009685942828266070e-01 6.201261467889908063e-01 9.147933215145039876e-01 5.857026807473598717e-01 8.894973235710330606e-01 6.588486140724946205e-01 1.539491298527443097e-01 6.588486140724946205e-01
9.054485395839295681e-01 6.289991194599355850e-01 9.146490003323276552e-01 6.069102237326536864e-01 8.981111179474559059e-01 6.527566250380749668e-01 1.395324889300793014e-01 6.527566250380749668e-01
9.075964266580588413e-01 6.333630686886708716e-01 9.143141529816741775e-01 6.186465291896602325e-01 9.025410693410447216e-01 6.487968321657020532e-01 1.321182164555658456e-01 6.487968321657020532e-01
9.091659985688761436e-01 6.355983162958509514e-01 9.138128188264352803e-01 6.274859008607895916e-01 9.060481141943026451e-01 6.439232409381663302e-01 1.262485840799093817e-01 6.439232409381663302e-01
9.085473391420449962e-01 6.238700781369694859e-01 9.097148981640789112e-01 6.276202219482120981e-01 9.087553067126069584e-01 6.201644837039292923e-01 1.217176397899289442e-01 6.201644837039292923e-01
9.083521118864917865e-01 6.143770466240449091e-01 9.064327361863665500e-01 6.293929712460063497e-01 9.115855534362886647e-01 6.000609198903441577e-01 1.169807434867675827e-01 6.000609198903441577e-01
9.092193520233163850e-01 6.136148755121335618e-01 9.055191516469206503e-01 6.356513222331048318e-01 9.142312188519042815e-01 5.930551325007614727e-01 1.125527752033776141e-01 5.930551325007614727e-01
9.094662020980704975e-01 6.050096339113680832e-01 9.026835794629736176e-01 6.397283531409168056e-01 9.176152094997847009e-01 5.738653670423393693e-01 1.068890948409020741e-01 5.738653670423393693e-01
9.069899724789941553e-01 5.752109879199073239e-01 8.955617801770120456e-01 6.297101449275361862e-01 9.200147665046453094e-01 5.293938470910752869e-01 1.028730305838739534e-01 5.293938470910752869e-01
9.041417666177657964e-01 5.385934819897083559e-01 8.876277513047815537e-01 6.164114644680015465e-01 9.227219590229496227e-01 4.782211392019494189e-01 9.834208629389352974e-02 4.782211392019494189e-01
9.013019388985901159e-01 4.991106367840626445e-01 8.800794007643794048e-01 5.998289867464728919e-01 9.252445702331877353e-01 4.273530307645446169e-01 9.412007002368448505e-02 4.273530307645446169e-01
8.998893623624956151e-01 4.712559502013914381e-01 8.751751053691126936e-01 5.906379072969252242e-01 9.279517627514920486e-01 3.920194943649101260e-01 8.958912573370404753e-02 3.920194943649101260e-01
8.991207756516004235e-01 4.510207904101891652e-01 8.717919891758233453e-01 5.856031128404669550e-01 9.303513197563526571e-01 3.667377398720682580e-01 8.557306147667594065e-02 3.667377398720682580e-01
8.993205995399509156e-01 4.411037107516651568e-01 8.702080183774955069e-01 5.877281947261663309e-01 9.327508767612132656e-01 3.530307645446238429e-01 8.155699721964781990e-02 3.530307645446238429e-01
8.999859357700412676e-01 4.320341283692069045e-01 8.688009330634911542e-01 5.944503735325507021e-01 9.360118132037162919e-01 3.393237892171794279e-01 7.609926887035320386e-02 3.393237892171794279e-01
9.006861378185695433e-01 4.281789638932495534e-01 8.682102056104167298e-01 6.017650303364588948e-01 9.383498431058882039e-01 3.323180018275966874e-01 7.218618061991556589e-02 3.323180018275966874e-01
9.012081588374895036e-01 4.248314161047203608e-01 8.676040068804896643e-01 6.088686753837407872e-01 9.403187103919276035e-01 3.262260127931769782e-01 6.889094840902069972e-02 3.262260127931769782e-01
9.013914613047468993e-01 4.179703168872843655e-01 8.666485918074453565e-01 6.118614210217263594e-01 9.419799421645235205e-01 3.173926286932683416e-01 6.611059623107816419e-02 3.173926286932683416e-01
9.009653509624423462e-01 4.028542303771661670e-01 8.646393546284348863e-01 6.091245376078915363e-01 9.436411739371193264e-01 3.009442583003350546e-01 6.333024405313561478e-02 3.009442583003350546e-01
9.010980821938803231e-01 3.901121728292480384e-01 8.629820171131760143e-01 6.133246244284781268e-01 9.461637851473574390e-01 2.860188851660067089e-01 5.910822778292657703e-02 2.860188851660067089e-01
9.011644633795461434e-01 3.762962962962962954e-01 8.613289875255469852e-01 6.165048543689319871e-01 9.485633421522180475e-01 2.707889125799573526e-01 5.509216352589846322e-02 2.707889125799573526e-01
9.024505812037107999e-01 3.687513525210993626e-01 8.605467246394765679e-01 6.367713004484304440e-01 9.526856580323632695e-01 2.595187328662808546e-01 4.819277108433735191e-02 2.595187328662808546e-01
9.027329586406289685e-01 3.593235229518998430e-01 8.595346795766277692e-01 6.440944881889764106e-01 9.547775795237802843e-01 2.491623515077672768e-01 4.469158686026156180e-02 2.491623515077672768e-01
9.036145860736461977e-01 3.538598839803658858e-01 8.590313833526376230e-01 6.613844870725604785e-01 9.576078262474619907e-01 2.415473652147426264e-01 3.995469055710019340e-02 2.415473652147426264e-01
9.036282589815218813e-01 3.410430839002267511e-01 8.577263722398199564e-01 6.672582076308783972e-01 9.595151664308128048e-01 2.290587876941821421e-01 3.676243435279579613e-02 2.290587876941821421e-01
9.029817107791487940e-01 3.219557195571955410e-01 8.557985371476256597e-01 6.628679962013295235e-01 9.607457084845875128e-01 2.126104173012488552e-01 3.470291422098650824e-02 2.126104173012488552e-01
9.027974448703495192e-01 3.098854872633792779e-01 8.546132223612037393e-01 6.656626506024095891e-01 9.620377776410509174e-01 2.019494364910143225e-01 3.254041808258675839e-02 2.019494364910143225e-01
9.027257742029344278e-01 2.965599051008304121e-01 8.534177870737963412e-01 6.706008583690986624e-01 9.636374823109580268e-01 1.903746573256168140e-01 2.986304191123468135e-02 1.903746573256168140e-01
9.025097162415012253e-01 2.861250898634076223e-01 8.524866405103325162e-01 6.707865168539325351e-01 9.644988617486002225e-01 1.818458726774291878e-01 2.842137781896817914e-02 1.818458726774291878e-01
9.023957269699797168e-01 2.782608695652173947e-01 8.518096436412511130e-01 6.721120186697783216e-01 9.652371869808650251e-01 1.754492841912884682e-01 2.718566573988260779e-02 1.754492841912884682e-01
9.026523994951324292e-01 2.729044834307992051e-01 8.514199388322393203e-01 6.820950060901339596e-01 9.664677290346397331e-01 1.705756929637526620e-01 2.512614560807331990e-02 1.705756929637526620e-01
9.023080514864003643e-01 2.544011901810067089e-01 8.498924415730485515e-01 6.840000000000000524e-01 9.679443794991693384e-01 1.562595187328662816e-01 2.265472144990217374e-02 1.562595187328662816e-01
9.020235354630997682e-01 2.433041301627033859e-01 8.489910878779589609e-01 6.825842696629212947e-01 9.686211776287454445e-01 1.480353335363996381e-01 2.152198537740706435e-02 1.480353335363996381e-01
9.015909732239503205e-01 2.313131313131313316e-01 8.480115632684537275e-01 6.765140324963072604e-01 9.690518673475666533e-01 1.395065488882120119e-01 2.080115333127381325e-02 1.395065488882120119e-01
9.014468435878868480e-01 2.256670902160101411e-01 8.474628986935547337e-01 6.809815950920244942e-01 9.695440841690764477e-01 1.352421565641181711e-01 1.997734527855009670e-02 1.352421565641181711e-01
9.010313967132606017e-01 2.167563412759415664e-01 8.465559182966064800e-01 6.822580645161290258e-01 9.699132467852088491e-01 1.288455680779774515e-01 1.935948923900731103e-02 1.288455680779774515e-01
9.009224353583451528e-01 2.060574682888946241e-01 8.457955502132600278e-01 6.862068965517241770e-01 9.708361533255398523e-01 1.212305817849527872e-01 1.781484914015034338e-02 1.212305817849527872e-01
9.009443645693900882e-01 1.983816235969720898e-01 8.452883556070268645e-01 6.934306569343066107e-01 9.716975327631821591e-01 1.157477916539750296e-01 1.637318504788384463e-02 1.157477916539750296e-01
9.008860083159251353e-01 1.930745015739769310e-01 8.449245583257932735e-01 6.956521739130434590e-01 9.721282224820033679e-01 1.120925982333231818e-01 1.565235300175059352e-02 1.120925982333231818e-01
9.007191282355712092e-01 1.871869232797258031e-01 8.444646618588355080e-01 6.960784313725489891e-01 9.724358579954469617e-01 1.081328053609503514e-01 1.513747296879826981e-02 1.081328053609503514e-01
9.008224385636343090e-01 1.851362073525522067e-01 8.443615229340859507e-01 7.028112449799196471e-01 9.728665477142681706e-01 1.066098081023454103e-01 1.441664092266501870e-02 1.066098081023454103e-01
9.006016122081186293e-01 1.780967570441254477e-01 8.438551619945352522e-01 6.993736951983298145e-01 9.731126561250230678e-01 1.020408163265306145e-01 1.400473689630316217e-02 1.020408163265306145e-01
9.005437338648818457e-01 1.725888324873096069e-01 8.434956052684464689e-01 7.021739130434783149e-01 9.735433458438441656e-01 9.838562290587876680e-02 1.328390485016991106e-02 9.838562290587876680e-02
9.002923619586060688e-01 1.653691275167785135e-01 8.429804254824814214e-01 6.968325791855203288e-01 9.737279271519103663e-01 9.381663113006397103e-02 1.297497683039851649e-02 9.381663113006397103e-02
9.000594692688946852e-01 1.553030303030303039e-01 8.423062952047518648e-01 6.949152542372881713e-01 9.742201439734202717e-01 8.742004264392323754e-02 1.215116877767480168e-02 8.742004264392323754e-02
8.999071705399912524e-01 1.513425549227013778e-01 8.420262601524083346e-01 6.905940594059405413e-01 9.742816710761090793e-01 8.498324703015534831e-02 1.204819277108433798e-02 8.498324703015534831e-02
8.998025509657345822e-01 1.464742717124966065e-01 8.417091376542175096e-01 6.897435897435897356e-01 9.745277794868639765e-01 8.193725251294547984e-02 1.163628874472247970e-02 8.193725251294547984e-02
8.996816237751842360e-01 1.425061425061424913e-01 8.414418279573260273e-01 6.868421052631579204e-01 9.746508336922414806e-01 7.950045689917757674e-02 1.143033673154155057e-02 7.950045689917757674e-02
8.994922047489833927e-01 1.369863013698630061e-01 8.410661364132466788e-01 6.811989100817438247e-01 9.747738878976188737e-01 7.614986293024672559e-02 1.122438471836062143e-02 7.614986293024672559e-02
8.992344913490170066e-01 1.298844248761695241e-01 8.405826741156291471e-01 6.723646723646723444e-01 9.748969421029963778e-01 7.188547060615291251e-02 1.101843270517969230e-02 7.188547060615291251e-02
8.992218297095666557e-01 1.269315673289183322e-01 8.404130104140815627e-01 6.744868035190615396e-01 9.751430505137512750e-01 7.005787389582698865e-02 1.060652867881783576e-02 7.005787389582698865e-02
8.992548117122380891e-01 1.250000000000000278e-01 8.403158128914601788e-01 6.786786786786787040e-01 9.753891589245062832e-01 6.883947608894304404e-02 1.019462465245597749e-02 6.883947608894304404e-02
8.992712937926876648e-01 1.240310077519379689e-01 8.402672608897016060e-01 6.808510638297872175e-01 9.755122131298836763e-01 6.823027718550106480e-02 9.988672639275048351e-03 6.823027718550106480e-02
8.992339104904778502e-01 1.225055432372505609e-01 8.401708488944999997e-01 6.800000000000000488e-01 9.755737402325724839e-01 6.731647883033810287e-02 9.885696632684584650e-03 6.731647883033810287e-02
8.991819827491736028e-01 1.199666759233546376e-01 8.400142426473063972e-01 6.792452830188678847e-01 9.756967944379498769e-01 6.579348157173317557e-02 9.679744619503655514e-03 6.579348157173317557e-02
8.990617271691386803e-01 1.158451684767474038e-01 8.397498301927301956e-01 6.753246753246753276e-01 9.758198486433273811e-01 6.335668595796527247e-02 9.473792606322726378e-03 6.335668595796527247e-02
8.987429552018961765e-01 1.084707855745037780e-01 8.392466003148656428e-01 6.598639455782312480e-01 9.758198486433273811e-01 5.909229363387145939e-02 9.473792606322726378e-03 5.909229363387145939e-02
8.986292054066284951e-01 1.058230683090705532e-01 8.390671482784158863e-01 6.539792387543252872e-01 9.758198486433273811e-01 5.756929637526652516e-02 9.473792606322726378e-03 5.756929637526652516e-02
8.985237969161500304e-01 1.026647966339410967e-01 8.388638828759386046e-01 6.489361702127659504e-01 9.758813757460160776e-01 5.574169966494060130e-02 9.370816599732262678e-03 5.574169966494060130e-02
8.984783351329762580e-01 1.015997754701094408e-01 8.387922147889530500e-01 6.464285714285714635e-01 9.758813757460160776e-01 5.513250076149862899e-02 9.370816599732262678e-03 5.513250076149862899e-02
8.983275869610694020e-01 9.735509285312324290e-02 8.385176762558197439e-01 6.383763837638376515e-01 9.759429028487048852e-01 5.269570514773073283e-02 9.267840593141797242e-03 5.269570514773073283e-02
8.981686468854384042e-01 9.360022554271216211e-02 8.382673513803576837e-01 6.287878787878787845e-01 9.759429028487048852e-01 5.056350898568382629e-02 9.267840593141797242e-03 5.056350898568382629e-02
8.982245862847452189e-01 9.209039548022598942e-02 8.382078319357867402e-01 6.342412451361867376e-01 9.761890112594597824e-01 4.964971063052086436e-02 8.855936566779940705e-03 4.964971063052086436e-02
8.981958200545696602e-01 8.998302207130731700e-02 8.380888556284261659e-01 6.334661354581673232e-01 9.763120654648372865e-01 4.843131282363691975e-02 8.649984553599011569e-03 4.843131282363691975e-02
8.981897494874423460e-01 8.841031453669594142e-02 8.380056588328702594e-01 6.341463414634146423e-01 9.764351196702146796e-01 4.751751446847395782e-02 8.444032540418082433e-03 4.751751446847395782e-02
8.982373379429946514e-01 8.740068104426788886e-02 8.379700991123274489e-01 6.390041493775933112e-01 9.766197009782809912e-01 4.690831556503198552e-02 8.135104520646689596e-03 4.690831556503198552e-02
8.982539346606462916e-01 8.636363636363635077e-02 8.379226494377958190e-01 6.413502109704641851e-01 9.767427551836583843e-01 4.629911666159000627e-02 7.929152507465760460e-03 4.629911666159000627e-02
8.981571930030126660e-01 8.259755055539731716e-02 8.376971939349094898e-01 6.359649122807017330e-01 9.768658093890358884e-01 4.416692049954309973e-02 7.723200494284831324e-03 4.416692049954309973e-02
8.980975243996290880e-01 8.100399315459212712e-02 8.375668022069758800e-01 6.367713004484304440e-01 9.769273364917245850e-01 4.325312214438013780e-02 7.620224487694367624e-03 4.325312214438013780e-02
