6.020181946847796839e-02 4.698087431693989124e-01 6.257239944108275442e-02 3.072730521801286807e-01 5.814235479568327647e-02 9.973897911832946273e-01 9.400994300957924432e-01 9.946409164733178709e-01
1.824703731417217645e-01 4.907073805871651206e-01 9.824220417352503842e-01 3.254009556701518702e-01 1.337456044622286899e-01 9.973897911832946273e-01 8.644961804292470298e-01 9.936409164733178701e-01
2.852187313934940738e-01 5.092362936363972192e-01 9.883844792546176983e-01 3.418998856688372778e-01 1.946768521886746706e-01 9.973897911832946273e-01 8.026555110949435967e-01 9.926409164733178692e-01
3.783656085621633913e-01 5.248501257010250720e-01 9.521828950847789352e-01 3.578775251859275253e-01 2.585788771674548125e-01 9.839037122969838123e-01 7.380865769370680285e-01 9.851989849187935411e-01
4.497102366939245699e-01 5.415540949231824053e-01 9.426377590417464036e-01 3.750768027704853846e-01 3.173881411422334597e-01 9.737529002320185478e-01 6.783072632472414432e-01 9.841136600928074296e-01
5.249070551712923249e-01 5.577330957834902847e-01 9.309483247008160101e-01 3.941719630651157047e-01 3.826846125863950232e-01 9.533062645011600722e-01 6.125863950527464796e-01 9.819275058004640622e-01
6.526907478495538317e-01 5.958842260348842235e-01 9.241273637473592650e-01 4.431954754330151847e-01 5.173396386564811378e-01 9.090777262180974594e-01 4.775069722323269095e-01 9.719859048723897832e-01
7.080592932397817840e-01 6.253541076487252326e-01 9.280428586978609617e-01 4.801895587321317604e-01 5.890020613556443685e-01 8.963167053364269332e-01 4.056626652115921106e-01 9.583418213457075563e-01
7.218193778070476352e-01 6.304888152444075855e-01 9.232524197274600830e-01 4.903350515463917314e-01 6.102218988723172588e-01 8.828306264501160072e-01 3.836546623014429613e-01 9.439225058004643287e-01
7.307057936180150204e-01 6.338415925455315181e-01 9.144310851825251385e-01 4.991661107404936626e-01 6.268340002425123458e-01 8.680394431554524504e-01 3.641324117861040599e-01 9.281077726218098789e-01
7.418794256581747737e-01 6.389503806489930104e-01 9.114935465654131486e-01 5.089892473118279304e-01 6.440523826846125122e-01 8.580336426914153547e-01 3.460652358433369824e-01 9.174095707656613197e-01
7.498122040020143153e-01 6.415715539947322021e-01 9.081447441308938551e-01 5.160663841807909824e-01 6.569661695161876924e-01 8.477378190255220325e-01 3.323632836182854322e-01 9.064012761020882047e-01
7.573013129287988754e-01 6.437974118697010750e-01 9.047890197894912223e-01 5.231145757795504503e-01 6.697587001333817902e-01 8.368619489559164792e-01 3.189644719291863662e-01 8.947727958236659784e-01
7.656728140665520765e-01 6.471588975842123004e-01 9.020027135793414752e-01 5.313838703669212515e-01 6.830362556080997738e-01 8.274361948955916146e-01 3.050806353825633588e-01 8.846947795823666416e-01
7.732659476683659827e-01 6.487889273356400865e-01 8.983344920387589250e-01 5.385867483722711624e-01 6.957681581181034414e-01 8.156902552204176038e-01 2.921668485509882340e-01 8.721360208816705262e-01
7.801474756277486655e-01 6.517538209287345730e-01 8.954379643624171825e-01 5.466064237304782969e-01 7.172874984842972923e-01 8.069895591647331390e-01 2.798593427913180776e-01 8.628332366589327451e-01
7.874511617913737549e-01 6.559050445103858928e-01 8.942002667959965123e-01 5.551537070524412698e-01 7.283824421001575677e-01 8.013341067285383312e-01 2.684612586395052625e-01 8.567864269141531874e-01
7.944062795433967095e-01 6.597268187014863061e-01 8.926773768217958205e-01 5.638177517227193070e-01 7.594773857160178610e-01 7.949535962877030126e-01 2.571238025948829886e-01 8.499643851508121850e-01
7.997455918518743267e-01 6.604327099376604560e-01 8.886011439163552517e-01 5.707796323684766193e-01 7.796629077240209149e-01 7.834976798143851173e-01 2.463319995149751418e-01 8.377157192575406253e-01
8.534987408925062136e-01 6.632002476013617587e-01 8.864146891275901385e-01 5.785722000216005911e-01 7.989996362313568357e-01 7.768271461716936832e-01 2.365708742573056911e-01 8.305835846867749561e-01
8.591447598541835928e-01 6.612018412258023892e-01 8.832797396854503713e-01 5.849603927256499247e-01 8.199126955256458293e-01 7.602958236658933222e-01 2.255365587486358736e-01 8.129082946635731721e-01
8.639321292548574061e-01 6.468792621939338794e-01 8.794809806276069342e-01 5.858134337136807757e-01 8.517958045349823815e-01 7.221577726218096904e-01 2.134715654177276600e-01 7.721310904872390468e-01
8.753301149367022083e-01 6.451050124136079589e-01 8.800949455104487562e-01 6.003496940177345254e-01 8.911967988359402737e-01 6.970707656612529224e-01 1.940099430095792443e-01 7.453080626450117041e-01
8.876813342094935777e-01 6.468710975440543631e-01 8.812433468248035418e-01 6.201117318435753756e-01 9.119316114950890562e-01 6.760440835266821047e-01 1.531538741360494726e-01 7.228263341067285852e-01
8.972045299554495257e-01 6.412224693306550760e-01 8.817415298063512319e-01 6.345307397415873574e-01 9.289681096156178208e-01 6.480568445475638484e-01 1.260567479083302966e-01 6.929023781902553525e-01
9.030703176787201469e-01 6.290989660265878802e-01 8.812652123858436548e-01 6.410295003010234582e-01 9.403661937674304694e-01 6.176044083526681661e-01 1.045980356493270286e-01 6.603426334106728968e-01
9.109121097805408240e-01 6.195121951219512146e-01 8.827855264990460693e-01 6.529562982005141514e-01 9.538862616709105069e-01 5.893271461716936832e-01 6.309567115314659858e-02 6.301085846867749973e-01
9.163692851718588939e-01 6.082036775106082205e-01 8.816583846197412200e-01 6.638078902229845868e-01 9.537693706802472526e-01 5.611948955916473691e-01 6.188310900933673142e-02 6.000295823665894313e-01
9.177342127938308280e-01 5.873527988385224274e-01 8.784229061757208301e-01 6.617593602326427016e-01 9.547109251849156264e-01 5.279872389791183673e-01 6.128289074815083948e-02 5.645239559164734189e-01
9.164345713191260900e-01 5.564811729423525533e-01 8.710791571131160094e-01 6.538762725137039489e-01 9.553493391536315160e-01 4.843387470997679856e-01 6.071904935127925285e-02 5.178549883990719582e-01
9.192823859261795016e-01 5.318090583820578310e-01 8.629787629064943344e-01 6.677624369932062542e-01 9.565669940584454745e-01 4.418503480278422324e-01 5.791221050078816657e-02 4.724263921113689979e-01
9.191832016816615658e-01 5.133124159569699696e-01 8.562825383909570265e-01 6.722235266494481776e-01 9.588423669213046452e-01 4.151682134570765514e-01 5.363683763792893855e-02 4.438978538283062658e-01
9.206679158092345716e-01 5.038405267008047028e-01 8.525356202019380714e-01 6.819306930693069813e-01 9.595720868194494990e-01 3.995069605568445370e-01 5.190711773978416016e-02 4.271528422273782599e-01
9.232839202247894450e-01 5.006059476088374760e-01 8.498884709254879155e-01 7.008613938919342479e-01 9.602718564326422346e-01 3.893561484918793281e-01 4.947981084030556725e-02 4.162995939675174228e-01
9.247390853467847283e-01 4.943009118541032976e-01 8.465340437505213256e-01 7.164096916299559359e-01 9.615771795804535227e-01 3.773201856148492017e-01 4.244695040620832110e-02 4.034307424593968072e-01
9.260537086446158916e-01 4.870556414219474606e-01 8.434727917801738695e-01 7.294560185185184897e-01 9.622155935491694123e-01 3.655742459396751909e-01 4.168728022311143228e-02 3.908719837587008028e-01
9.277567103413385530e-01 4.754373826233072586e-01 8.399670533094458769e-01 7.466625271654765417e-01 9.633697101976477217e-01 3.487529002320185478e-01 3.947253546744270564e-02 3.728866009280742411e-01
9.285733050875324412e-01 4.652707871954903096e-01 8.366447450483441850e-01 7.606978275181039972e-01 9.647049836304111281e-01 3.351218097447795641e-01 3.507663392748878312e-02 3.583122389791183471e-01
9.299060025314853650e-01 4.580731033070543634e-01 8.341450396610227136e-01 7.791710205503309394e-01 9.652214138474602967e-01 3.243909512761020686e-01 3.443821995877289349e-02 3.468388051044083986e-01
9.312613610291670119e-01 4.508478102569438151e-01 8.320443328990261289e-01 7.975708502024291269e-01 9.667149023887474657e-01 3.142401392111369152e-01 3.334545895477143002e-02 3.359855568445476726e-01
9.319478850693442284e-01 4.420052770448548718e-01 8.298932502128768540e-01 8.119426134160527830e-01 9.672557293561294678e-01 3.036542923433874774e-01 2.940463198738935482e-02 3.246671693735499464e-01
9.316819030839249560e-01 4.302822925577416968e-01 8.275323556844557116e-01 8.192182410423453076e-01 9.677414817509397693e-01 2.917633410672854088e-01 2.691887959257912091e-02 3.119533642691415531e-01
9.310325453303132104e-01 4.184788488585956534e-01 8.251275958494762586e-01 8.240306774605880014e-01 9.686209530738451035e-01 2.804524361948955713e-01 2.503940826967382058e-02 2.998597447795823823e-01
9.298983187501106418e-01 4.037280701754386025e-01 8.221953134047687017e-01 8.277877697841726778e-01 9.691397962895599294e-01 2.669663573085847008e-01 2.322056505395901638e-02 2.854404292343388216e-01
9.285361353783688765e-01 3.896161526514311246e-01 8.191820322285477962e-01 8.290840415486308013e-01 9.693129865405601953e-01 2.546403712296984034e-01 2.194737480295865309e-02 2.722614849187935393e-01
9.264170652514563953e-01 3.673515466245201866e-01 8.149838442914444370e-01 8.292558613659530842e-01 9.694499454347035305e-01 2.359338747099767875e-01 2.031041590881532688e-02 2.522604988399071990e-01
9.246053644745887423e-01 3.449545506846162790e-01 8.109335560857082736e-01 8.350974930362117243e-01 9.695931854007519002e-01 2.173723897911832847e-01 1.794591972838607830e-02 2.324145591647332199e-01
9.239992809242345562e-01 3.332169866201279973e-01 8.089362004579605525e-01 8.428487345497351901e-01 9.696514005092761179e-01 2.076566125290023324e-01 1.618770461986176676e-02 2.220264501160093273e-01
9.234100808699379215e-01 3.235501291382953393e-01 8.072136056747294397e-01 8.495684340320591721e-01 9.697852188674669360e-01 1.998259860788862974e-01 1.479325815448041641e-02 2.136539443155452134e-01
9.228818728003168603e-01 3.151543830592688500e-01 8.055568987709007533e-01 8.554913294797688028e-01 9.698071529040863670e-01 1.931554524361948910e-01 1.364132411786104018e-02 2.065218097447795997e-01
9.225475458544083462e-01 3.085346982502083502e-01 8.044141679363233655e-01 8.611295681063122487e-01 9.698372026191341977e-01 1.879350348027842288e-01 1.267127440281314368e-02 2.009401392111369311e-01
9.228023861836648356e-01 3.043946832714645168e-01 8.038461107314921472e-01 8.735395189003436478e-01 9.712622771917061026e-01 1.843097447795823685e-01 1.115557172305080627e-02 1.970639791183294853e-01
9.226875406504557731e-01 2.991689750692521077e-01 8.028318024223836114e-01 8.827292110874200848e-01 9.724142112283253869e-01 1.801044083526682216e-01 1.000363768643143005e-02 1.925676334106728727e-01
9.225692288725274581e-01 2.944666424506598990e-01 8.017999049796390443e-01 8.921496698459281394e-01 9.735055171577542410e-01 1.763341067285382757e-01 8.912331757002546484e-03 1.885364269141531490e-01
9.220761853568588684e-01 2.865154840282857496e-01 8.003245332899135978e-01 8.996937212863705957e-01 9.744755668728022346e-01 1.703886310904872414e-01 7.942282041954649985e-03 1.821795243619489524e-01
9.214244141182205139e-01 2.784592737978410226e-01 7.988692690559003884e-01 9.036624203821655987e-01 9.750818479447072029e-01 1.645881670533642649e-01 7.336000970049714673e-03 1.759776682134571169e-01
9.210654836678480173e-01 2.706172839506172934e-01 7.977252942491807053e-01 9.102990033222591038e-01 9.758700133381836839e-01 1.589327146171693739e-01 6.547835576573299635e-03 1.699308584686774759e-01
9.207242070871602957e-01 2.655920644761313731e-01 7.967905010381205466e-01 9.161676646706586880e-01 9.764156663028979999e-01 1.553074245939675135e-01 5.941554504668364323e-03 1.660546983758700579e-01
9.205016983183864632e-01 2.616380383370673912e-01 7.960574582438254554e-01 9.235500878734622665e-01 9.769613192676125379e-01 1.524071925754060253e-01 5.274645325572935479e-03 1.629537703016241401e-01
9.206262212306356441e-01 2.600773742668164301e-01 7.957791340656561463e-01 9.328558639212175541e-01 9.776282284467079364e-01 1.511020881670533667e-01 4.547108039287013105e-03 1.615583526682134452e-01
9.207514493339842288e-01 2.580725907384230355e-01 7.954668983524806336e-01 9.424131627056673288e-01 9.783557657329938761e-01 1.495069605568445370e-01 3.819570753001091164e-03 1.598528422273781946e-01
9.206364381324646518e-01 2.548010543491904256e-01 7.950280234502715704e-01 9.477124183006535585e-01 9.787801624833272207e-01 1.471867749419953630e-01 3.395174002667636880e-03 1.573720997679814437e-01
9.203403333561102073e-01 2.450732693279434049e-01 7.943732796022148213e-01 9.509803921568626972e-01 9.791439311264702461e-01 1.406612529002320144e-01 3.031405359524675693e-03 1.503950116009280802e-01
9.199674424656006932e-01 2.412569690826152913e-01 7.937256144980984196e-01 9.558232931726907688e-01 9.793258154480417588e-01 1.380510440835266694e-01 2.667636716381714505e-03 1.476041763341067181e-01
9.197289854266863518e-01 2.378048780487805047e-01 7.932047089850251531e-01 9.590163934426229053e-01 9.795683278768037017e-01 1.357308584686774955e-01 2.425124287619740381e-03 1.451234338747099673e-01
9.194818491022097584e-01 2.349198269279714479e-01 7.927773808993506810e-01 9.594594594594594295e-01 9.796289559839941319e-01 1.338457076566125226e-01 2.364496180429246849e-03 1.431078306264501609e-01
9.187119268542661699e-01 2.280163599182004064e-01 7.912921789048361632e-01 9.612068965517240882e-01 9.798108403055656446e-01 1.293503480278422324e-01 2.182611858857766256e-03 1.383013921113689371e-01
9.176754934537172392e-01 2.196249678910865422e-01 7.895139778382016527e-01 9.606741573033708015e-01 9.798108403055656446e-01 1.239849187935034847e-01 2.121983751667273158e-03 1.325646751740139628e-01
9.163957700689246977e-01 2.097378277153557902e-01 7.872384381548263033e-01 9.586776859504132497e-01 9.798108403055656446e-01 1.177494199535962932e-01 2.121983751667273158e-03 1.258976798143851827e-01
9.151946924855103305e-01 1.997921538061833979e-01 7.850238988944532315e-01 9.588528678304238939e-01 9.799320965199467270e-01 1.115139211136891018e-01 2.000727537286286096e-03 1.192306844547564026e-01
9.137006204814195343e-01 1.871482790210705072e-01 7.822635578807356493e-01 9.597315436241610209e-01 9.801139808415182397e-01 1.036832946635730807e-01 1.818843215714805285e-03 1.108581786542923442e-01
9.121292730831219719e-01 1.740276862228081478e-01 7.794796449340448685e-01 9.579100145137880995e-01 9.801746089487086699e-01 9.570765661252900181e-02 1.758215108524311971e-03 1.023306264501160218e-01
9.107362115923169910e-01 1.619540687641046195e-01 7.769839577484075610e-01 9.576138147566719550e-01 9.802958651630896414e-01 8.845707656612529501e-02 1.636958894143324909e-03 9.457830626450117184e-02
9.093042408261488019e-01 1.494452613286993692e-01 7.744836283273218713e-01 9.555555555555556024e-01 9.803564932702801826e-01 8.106148491879350271e-02 1.576330786952831377e-03 8.667093967517401631e-02
9.078698946290340022e-01 1.360452586206896408e-01 7.719271920387121844e-01 9.564393939393939226e-01 9.805383775918515843e-01 7.323085846867749549e-02 1.394446465381350784e-03 7.829843387470999949e-02
9.064015301777177402e-01 1.226594301221166916e-01 7.694119476879281994e-01 9.535864978902953704e-01 9.805990056990421255e-01 6.554524361948955991e-02 1.333818358190857253e-03 7.008097447795824664e-02
9.053282881964469508e-01 1.114601830351044931e-01 7.674136169798474461e-01 9.599999999999999645e-01 9.809021462349944986e-01 5.916473317865428988e-02 1.030677822238389814e-03 6.325893271461717482e-02
9.043623574649229946e-01 1.021416803953871522e-01 7.657673210417201837e-01 9.587628865979381798e-01 9.809627743421850399e-01 5.394431554524362071e-02 9.700497150478961739e-04 5.767726218097448537e-02
9.033768239511201781e-01 9.271523178807947185e-02 7.641508685041739080e-01 9.545454545454545858e-01 9.809627743421850399e-01 4.872389791183294461e-02 9.700497150478961739e-04 5.209559164733178899e-02
9.022069421057647975e-01 8.082210804054991427e-02 7.621502445370110790e-01 9.540983606557377206e-01 9.810840305565660113e-01 4.219837587006960294e-02 8.487935006669092199e-04 4.511850348027842544e-02
9.010220310291829904e-01 6.902333379907782396e-02 7.602344658287789603e-01 9.463601532567049723e-01 9.810840305565660113e-01 3.581786542923433986e-02 8.487935006669092199e-04 3.868329466357308538e-02
8.999707259657799829e-01 5.844338297274515037e-02 7.585368102485590125e-01 9.369369369369369149e-01 9.810840305565660113e-01 3.016241299303944190e-02 8.487935006669092199e-04 3.257540603248259420e-02
8.986845275557896473e-01 4.526166902404525627e-02 7.564715235876892097e-01 9.195402298850574585e-01 9.810840305565660113e-01 2.320185614849187838e-02 8.487935006669092199e-04 2.505800464037123004e-02
8.982115669620482912e-01 4.000000000000000083e-02 7.556741365327002136e-01 9.155844155844156118e-01 9.811446586637564415e-01 2.044663573085846869e-02 7.881653934764156887e-04 2.208236658932714522e-02
8.977504325796210605e-01 3.415883859948761619e-02 7.548180466711614800e-01 9.230769230769231282e-01 9.813265429853279542e-01 1.740139211136890879e-02 6.062810719049350951e-04 1.879350348027842080e-02
8.973919192032979719e-01 2.995720399429386421e-02 7.542184074054670839e-01 9.210526315789473450e-01 9.813871710925186065e-01 1.522621809744779606e-02 5.456529647144415639e-04 1.644431554524362210e-02
8.971143952779322417e-01 2.658282120908960974e-02 7.537435243902294024e-01 9.207920792079208328e-01 9.814477991997090367e-01 1.348607888631090518e-02 4.850248575239480870e-04 1.456496519721577759e-02
8.970616019540204045e-01 2.573634543894767063e-02 7.536743944948328666e-01 9.183673469387755306e-01 9.814477991997090367e-01 1.305104408352668159e-02 4.850248575239480870e-04 1.409512761020881647e-02
8.968949754480095571e-01 2.375840847287820357e-02 7.534280446455744462e-01 9.120879120879120672e-01 9.814477991997090367e-01 1.203596287703016278e-02 4.850248575239480870e-04 1.299883990719257615e-02
8.967284253707800135e-01 2.177650429799427023e-02 7.531819009495909212e-01 9.047619047619047672e-01 9.814477991997090367e-01 1.102088167053364223e-02 4.850248575239480870e-04 1.190255220417633410e-02
8.967169312035472295e-01 2.121255553963021304e-02 7.531305985600426078e-01 9.135802469135801962e-01 9.815084273068994669e-01 1.073085846867749375e-02 4.243967503334546100e-04 1.158932714617169277e-02
8.966837223808807877e-01 2.036426215402265677e-02 7.530494378514830389e-01 9.220779220779220520e-01 9.815690554140900081e-01 1.029582366589327190e-02 3.637686431429610788e-04 1.111948955916473337e-02
8.966402962889058470e-01 1.979629895280447804e-02 7.529897054998654360e-01 9.200000000000000400e-01 9.815690554140900081e-01 1.000580046403712342e-02 3.637686431429610788e-04 1.080626450116009378e-02
8.965920491568484252e-01 1.922800975749748911e-02 7.529177083324235520e-01 9.178082191780821963e-01 9.815690554140900081e-01 9.715777262180974941e-03 3.637686431429610788e-04 1.049303944315545245e-02
8.965269294721741611e-01 1.837496411139822108e-02 7.528281554904653339e-01 9.142857142857142572e-01 9.815690554140900081e-01 9.280742459396751354e-03 3.637686431429610788e-04 1.002320185614849132e-02
8.965052266148071380e-01 1.809045226130653536e-02 7.527983132403407440e-01 9.130434782608695121e-01 9.815690554140900081e-01 9.135730858468677981e-03 3.637686431429610788e-04 9.866589327146173261e-03
8.964569939301505475e-01 1.752118339796064975e-02 7.527263529259401453e-01 9.104477611940298143e-01 9.815690554140900081e-01 8.845707656612529501e-03 3.637686431429610788e-04 9.553364269141531931e-03
8.964135974729725564e-01 1.695158741560120683e-02 7.526666901569617485e-01 9.076923076923076872e-01 9.815690554140900081e-01 8.555684454756381022e-03 3.637686431429610788e-04 9.240139211136892336e-03
8.963800604549446716e-01 1.609889320109242350e-02 7.525902792595227098e-01 9.180327868852459217e-01 9.816296835212804384e-01 8.120649651972157435e-03 3.031405359524675476e-04 8.770301624129931209e-03
8.963465348776291641e-01 1.524521789155760046e-02 7.525139128516892262e-01 9.298245614035087758e-01 9.816903116284709796e-01 7.685614849187934715e-03 2.425124287619740435e-04 7.685614849187934715e-03
