8.706996756126310355e-02 4.528902006765589405e-01 7.589260530851500708e-02 2.927636737467547157e-01 1.068688080415313713e-01 9.996430271299381332e-01 9.283175355450237198e-01 9.996430271299381332e-01
8.706996756126310355e-02 4.528902006765589405e-01 7.589260530851500708e-02 2.927636737467547157e-01 1.068688080415313713e-01 9.996430271299381332e-01 9.283175355450237198e-01 9.996430271299381332e-01
8.706996756126310355e-02 4.528902006765589405e-01 7.589260530851500708e-02 2.927636737467547157e-01 1.068688080415313713e-01 9.996430271299381332e-01 9.283175355450237198e-01 9.996430271299381332e-01
8.706996756126310355e-02 4.528902006765589405e-01 7.589260530851500708e-02 2.927636737467547157e-01 1.068688080415313713e-01 9.996430271299381332e-01 9.283175355450237198e-01 9.996430271299381332e-01
8.706996756126310355e-02 4.528902006765589405e-01 7.589260530851500708e-02 2.927636737467547157e-01 1.068688080415313713e-01 9.996430271299381332e-01 9.283175355450237198e-01 9.996430271299381332e-01
8.706996756126310355e-02 4.528902006765589405e-01 7.589260530851500708e-02 2.927636737467547157e-01 1.068688080415313713e-01 9.996430271299381332e-01 9.283175355450237198e-01 9.996430271299381332e-01
8.706996756126310355e-02 4.528902006765589405e-01 7.589260530851500708e-02 2.927636737467547157e-01 1.068688080415313713e-01 9.996430271299381332e-01 9.283175355450237198e-01 9.996430271299381332e-01
8.706996756126310355e-02 4.528902006765589405e-01 7.589260530851500708e-02 2.927636737467547157e-01 1.068688080415313713e-01 9.996430271299381332e-01 9.283175355450237198e-01 9.996430271299381332e-01
8.706996756126310355e-02 4.528902006765589405e-01 7.589260530851500708e-02 2.927636737467547157e-01 1.068688080415313713e-01 9.996430271299381332e-01 9.283175355450237198e-01 9.996430271299381332e-01
8.706996756126310355e-02 4.528902006765589405e-01 7.589260530851500708e-02 2.927636737467547157e-01 1.068688080415313713e-01 9.996430271299381332e-01 9.283175355450237198e-01 9.996430271299381332e-01
8.706996756126310355e-02 4.528902006765589405e-01 7.589260530851500708e-02 2.927636737467547157e-01 1.068688080415313713e-01 9.996430271299381332e-01 9.283175355450237198e-01 9.996430271299381332e-01
1.277095941694988135e-01 4.599885016563090567e-01 2.190186265292227707e-01 2.987234647797176734e-01 1.305507869862871928e-01 9.996430271299381332e-01 9.283175355450237198e-01 9.996430271299381332e-01
1.424092111210448763e-01 4.632075211601555109e-01 2.218625322976978120e-01 3.014497434241217300e-01 1.411197749694926562e-01 9.995835316515945257e-01 9.283175355450237198e-01 9.995835316515945257e-01
1.504596887567845043e-01 4.651188547853414845e-01 2.212937511440027927e-01 3.030871659780235428e-01 1.474901238908767620e-01 9.994050452165635923e-01 9.283175355450237198e-01 9.994050452165635923e-01
1.537416900604070547e-01 4.651466159674710332e-01 2.199855544905042759e-01 3.033248266999692411e-01 1.502409563796562597e-01 9.970847215611613468e-01 9.283175355450237198e-01 9.970847215611613468e-01
1.587394143262615409e-01 4.664142749770342489e-01 2.200373390433033594e-01 3.044260329227079231e-01 1.545636931477383236e-01 9.968467396477868059e-01 9.283175355450237198e-01 9.968467396477868059e-01
1.643319942695698477e-01 4.679525678450213722e-01 2.199936799355570738e-01 3.057548047965832350e-01 1.596516991044282241e-01 9.966682532127558725e-01 9.283175355450237198e-01 9.966682532127558725e-01
1.686295580855710352e-01 4.690424160923404306e-01 2.198717982597652720e-01 3.067423964822278970e-01 1.637676063620757405e-01 9.960732984293193537e-01 9.283175355450237198e-01 9.960732984293193537e-01
1.716152184180270157e-01 4.698764738910724548e-01 2.198216116873804027e-01 3.074845679012345734e-01 1.667252683612897857e-01 9.957758210376010943e-01 9.283175355450237198e-01 9.957758210376010943e-01
1.747567408439101300e-01 4.698727334159252256e-01 2.195279827862630651e-01 3.077604012983181092e-01 1.700138575771991123e-01 9.928605425987624411e-01 9.283175355450237198e-01 9.928605425987624411e-01
1.776000822384576350e-01 4.708272204040176434e-01 2.195915593701709967e-01 3.085798816568047220e-01 1.729922025274566177e-01 9.928605425987624411e-01 9.283175355450237198e-01 9.928605425987624411e-01
1.960253257138920013e-01 4.737732175593673545e-01 9.510355150895308807e-01 3.112268713008084497e-01 1.833750439512709662e-01 9.917301285102332331e-01 9.168641390205370945e-01 9.917301285102332331e-01
2.456383981849152576e-01 4.766510327147727155e-01 8.126249844426252089e-01 3.155884735563013743e-01 2.106972222796748562e-01 9.734650166587339726e-01 8.814319566689234886e-01 9.734650166587339726e-01
3.162954346052392895e-01 4.867020071587150332e-01 8.245456403262367839e-01 3.261410788381742809e-01 2.531593207718877414e-01 9.586506425511661655e-01 8.249548634619724430e-01 9.586506425511661655e-01
4.667412912897516697e-01 4.814431063475617112e-01 8.229056803314500623e-01 3.369071674789017035e-01 3.647645246023702992e-01 8.431699190861494664e-01 6.746784021665538367e-01 8.431699190861494664e-01
5.305605984100612016e-01 4.994548606766875953e-01 8.390249710341588507e-01 3.569658414450320727e-01 4.210842002936979189e-01 8.312708234174203126e-01 5.998363800496502307e-01 8.312708234174203126e-01
5.789663028488002405e-01 5.061084652598686340e-01 8.487284681643842976e-01 3.701776125567947107e-01 4.685308899873834032e-01 7.997977153736316458e-01 5.374069058903182539e-01 7.997977153736316458e-01
6.086794946466866918e-01 5.195308713773384435e-01 8.555812645326081878e-01 3.853121315812174652e-01 4.994312188463049806e-01 7.972394098048548594e-01 4.973482283908824408e-01 7.972394098048548594e-01
6.311383959603402705e-01 5.270609819327564116e-01 8.552253245659409142e-01 3.963945047693323009e-01 5.253676394547974748e-01 7.862327463112803727e-01 4.649627623561272682e-01 7.862327463112803727e-01
6.422814421206062274e-01 5.364794559829585419e-01 8.431734386741274179e-01 4.090710314237521184e-01 5.424724399677346431e-01 7.791527843883865323e-01 4.439460618370570932e-01 7.791527843883865323e-01
6.607638541357563344e-01 5.325473898477588452e-01 8.457638453902991404e-01 4.137181261118798026e-01 5.648100270946658785e-01 7.471442170395049542e-01 4.153689911983750593e-01 7.471442170395049542e-01
6.680369612246259692e-01 5.434858387799564872e-01 8.331598192896711996e-01 4.287432971263577808e-01 5.790398974125627873e-01 7.420871013802951000e-01 3.975682690137666286e-01 7.420871013802951000e-01
6.780508462154213323e-01 5.501326259946950348e-01 8.349154161795142581e-01 4.376758581879572341e-01 5.917392293532441894e-01 7.403617325083293732e-01 3.815730083502595349e-01 7.403617325083293732e-01
6.894194674617166729e-01 5.564888418492579536e-01 8.358795539872259095e-01 4.476973803398673901e-01 6.069411983701835656e-01 7.351261304140884745e-01 3.621360866621530228e-01 7.351261304140884745e-01
6.979806954584859557e-01 5.603811618105186687e-01 8.348600725709260928e-01 4.556019070321811748e-01 6.194337008004302536e-01 7.277486910994764857e-01 3.465357707063868031e-01 7.277486910994764857e-01
7.040066498872712408e-01 5.577644411102775646e-01 8.276185118075447544e-01 4.602290312596719057e-01 6.316986907691990449e-01 7.077582103760113874e-01 3.308790340780862205e-01 7.077582103760113874e-01
7.144270026267298679e-01 5.710635099586621743e-01 8.048790746663683215e-01 4.932271606006837783e-01 6.607168710831663461e-01 6.780699666825321659e-01 2.918077183480027315e-01 6.780699666825321659e-01
7.029486553901045376e-01 5.070236586396282830e-01 7.701809809137163398e-01 4.558013672616786915e-01 6.649982419491613506e-01 5.712160875773441004e-01 2.867298578199052317e-01 5.712160875773441004e-01
7.041013967489193615e-01 5.067668371696504304e-01 7.680559958651600461e-01 4.588479351601698064e-01 6.684729777244617921e-01 5.658614945264159868e-01 2.823290453622206986e-01 5.658614945264159868e-01
7.053267965773724057e-01 5.045881405956533783e-01 7.666974674617430541e-01 4.595347473365262170e-01 6.715340544788931387e-01 5.594359828653022726e-01 2.784642292936131969e-01 5.594359828653022726e-01
7.063301805170953962e-01 4.988339931666576632e-01 7.639771182232195645e-01 4.582959641255605621e-01 6.752363027156714770e-01 5.472394098048548594e-01 2.737248928007222082e-01 5.472394098048548594e-01
7.064245644682056735e-01 4.836583049332365269e-01 7.542679522250776980e-01 4.558715113217483017e-01 6.830130923080105498e-01 5.150523560209424589e-01 2.632306477093206976e-01 5.150523560209424589e-01
7.090822501266298428e-01 4.786980231765508020e-01 7.516717068000084989e-01 4.579891304347826209e-01 6.896936854950465046e-01 5.013683960019038599e-01 2.550778605280974998e-01 5.013683960019038599e-01
7.091227298018469849e-01 4.722824672508024180e-01 7.460760404337638541e-01 4.594609801384121894e-01 6.943266665287803896e-01 4.858400761542122637e-01 2.488997968855788667e-01 4.858400761542122637e-01
7.090337768424368470e-01 4.455463289324332887e-01 7.367717431223546054e-01 4.473905218956208962e-01 7.022896026805105496e-01 4.437172774869109770e-01 2.384055517941773839e-01 4.437172774869109770e-01
7.098619313906331385e-01 4.351573644116664696e-01 7.331717221903002457e-01 4.441484418561427172e-01 7.070466814205050854e-01 4.265230842455973170e-01 2.322556984879259878e-01 4.265230842455973170e-01
7.102528327841028943e-01 4.312263112849981650e-01 7.310940676582782238e-01 4.434246919788785712e-01 7.092183912800679169e-01 4.196811042360780730e-01 2.294346648612051454e-01 4.196811042360780730e-01
7.113214732503820859e-01 4.286242375700818896e-01 7.296137941415388184e-01 4.444231506324262115e-01 7.122794680344991525e-01 4.139100428367444295e-01 2.255134281200631974e-01 4.139100428367444295e-01
7.120064243520254355e-01 4.232120100705560328e-01 7.273448680370446784e-01 4.430849332899446935e-01 7.151750811805828167e-01 4.050452165635411439e-01 2.217614533965244772e-01 4.050452165635411439e-01
7.136869717264957558e-01 4.126793122011462867e-01 7.239931023220651518e-01 4.411346557443639460e-01 7.212972346894455100e-01 3.876725368871965505e-01 2.135240352064996516e-01 3.876725368871965505e-01
7.124660360487835575e-01 3.928536876390724686e-01 7.182702704378229885e-01 4.289134567988169833e-01 7.242962625907463092e-01 3.623869585911470570e-01 2.095181674565560759e-01 3.623869585911470570e-01
7.113655596471004650e-01 3.917349950803541425e-01 7.131525775807474599e-01 4.364858938751644546e-01 7.270470950795260290e-01 3.553069966682532166e-01 2.057944030692845927e-01 3.553069966682532166e-01
7.116091027533855140e-01 3.833918748757373374e-01 7.108706117695304805e-01 4.326851159311892459e-01 7.296324639599578443e-01 3.441813422179914594e-01 2.023809523809523836e-01 3.441813422179914594e-01
7.093796877734366291e-01 3.523612008295651798e-01 7.033833283333275066e-01 4.111067036890123094e-01 7.329624190779541193e-01 3.083055687767729536e-01 1.981494019408711338e-01 3.083055687767729536e-01
7.090817569419138877e-01 3.378415677615235757e-01 6.999769074887580711e-01 4.021024967148488782e-01 7.357959833709074582e-01 2.912898619704902270e-01 1.947077409162717154e-01 2.912898619704902270e-01
7.101134719739912171e-01 3.339709923133108438e-01 6.991041783682754307e-01 4.019927991291969982e-01 7.386295476638607971e-01 2.856377915278439095e-01 1.912096592191378785e-01 2.856377915278439095e-01
7.112463616774076236e-01 3.282018838745958123e-01 6.978285141574167572e-01 4.009790450017176044e-01 7.420629175370743180e-01 2.777843883864826169e-01 1.867806364251861917e-01 2.777843883864826169e-01
7.127547555353357378e-01 3.244969658256148248e-01 6.971493069904730611e-01 4.020754551050919057e-01 7.456824339696789261e-01 2.720133269871489734e-01 1.821259309410968308e-01 2.720133269871489734e-01
7.135072952547136804e-01 3.164543333931454927e-01 6.957699944735422637e-01 3.987519218594555714e-01 7.487228277730667569e-01 2.623155640171346836e-01 1.783175355450236921e-01 2.623155640171346836e-01
7.142123145419074781e-01 3.094936020589407755e-01 6.944373814255673238e-01 3.960478708600055908e-01 7.515563920660200958e-01 2.539861970490242538e-01 1.746219814940194182e-01 2.539861970490242538e-01
7.145966709090112445e-01 3.008570800673943668e-01 6.929659762700814962e-01 3.913664951400800396e-01 7.540797120933214748e-01 2.443479295573536547e-01 1.712931618144888368e-01 2.443479295573536547e-01
7.158593254243224013e-01 2.943334692213616099e-01 6.921665765695681483e-01 3.902702702702702808e-01 7.577819603301000351e-01 2.362565445026177935e-01 1.664127736402618019e-01 2.362565445026177935e-01
7.227309879269927517e-01 2.972510550929622353e-01 6.946917528921501273e-01 4.117770989149899807e-01 7.701296821030425566e-01 2.325678248453117436e-01 1.497404649063416859e-01 2.325678248453117436e-01
7.237299335093583252e-01 2.969525700756129316e-01 6.949132365203360973e-01 4.145873320537428186e-01 7.720531965500838645e-01 2.313184198000951819e-01 1.472015346422929361e-01 2.313184198000951819e-01
7.238593227996130697e-01 2.914009067855221624e-01 6.940931821291009829e-01 4.113690605337383399e-01 7.733562224658214745e-01 2.256068538791052014e-01 1.454242834574588084e-01 2.256068538791052014e-01
7.244156046965228857e-01 2.864994581204520774e-01 6.934764512276838655e-01 4.099468320779796060e-01 7.753831516680801395e-01 2.201927653498334247e-01 1.427160911758068029e-01 2.201927653498334247e-01
7.248139311093373394e-01 2.847710412863634355e-01 6.932519984051912498e-01 4.101129880299809738e-01 7.764793480733832576e-01 2.181104236078058034e-01 1.413337846987136048e-01 2.181104236078058034e-01
7.249193575643388954e-01 2.793623505509103544e-01 6.924311595922008067e-01 4.068973366719781382e-01 7.777410080870339470e-01 2.126963350785340268e-01 1.396411645226811049e-01 2.126963350785340268e-01
7.253548640246976209e-01 2.736609258966661296e-01 6.916639819999503835e-01 4.071462153267512707e-01 7.810916461560736268e-01 2.060923369823893514e-01 1.373279169487700291e-01 2.060923369823893514e-01
7.273942706391665070e-01 2.711877945522805922e-01 6.919344433008522977e-01 4.125151883353584403e-01 7.854143829241556629e-01 2.019871489766777717e-01 1.315165876777251164e-01 2.019871489766777717e-01
7.301596343160536851e-01 2.714488348530901818e-01 6.925113796241806341e-01 4.257023007499682321e-01 7.911849262652796977e-01 1.992503569728700519e-01 1.236741141954412065e-01 1.992503569728700519e-01
7.311710299412055303e-01 2.719283970707892517e-01 6.929100448071103813e-01 4.300051466803911371e-01 7.930050259571036486e-01 1.988338886244645498e-01 1.212480252764612937e-01 1.988338886244645498e-01
7.323654180931629121e-01 2.712946666120911732e-01 6.931834422653972982e-01 4.347369801915256238e-01 7.954456141802312974e-01 1.971680152308424583e-01 1.179474159331979216e-01 1.971680152308424583e-01
7.340048965571188688e-01 2.708298960567563363e-01 6.936515058513257337e-01 4.415008068854222589e-01 7.986721545430103264e-01 1.953236554021894333e-01 1.136312344843150579e-01 1.953236554021894333e-01
7.346496616747102415e-01 2.704850190365833407e-01 6.937695700193895476e-01 4.442631865144099912e-01 8.000165463608347460e-01 1.944312232270347385e-01 1.119104039720153487e-01 1.944312232270347385e-01
7.351168245533490353e-01 2.683291770573565937e-01 6.935921798014972328e-01 4.451185879757308395e-01 8.013195722765723561e-01 1.920514040932889133e-01 1.102177837959828488e-01 1.920514040932889133e-01
7.318203430283580779e-01 2.350786009457674630e-01 6.875245384381907243e-01 4.139534883720930036e-01 8.021468903183106569e-01 1.641480247501189982e-01 1.091740013540961340e-01 1.641480247501189982e-01
7.317579418153703497e-01 2.307856806808947225e-01 6.869259351750678366e-01 4.104670622242507227e-01 8.027880618006576485e-01 1.605188005711565835e-01 1.083276912660798980e-01 1.605188005711565835e-01
7.319854782606054489e-01 2.300012854021166175e-01 6.868655070979865496e-01 4.109630990659929317e-01 8.033671844298745368e-01 1.596858638743455516e-01 1.075660121868652619e-01 1.596858638743455516e-01
7.323808186889047001e-01 2.272433828276307632e-01 6.866582679088630847e-01 4.107670763964524907e-01 8.046081614924818215e-01 1.570680628272251300e-01 1.058733920108327758e-01 1.570680628272251300e-01
7.327527600599452740e-01 2.264216066960048346e-01 6.866938254397896291e-01 4.119309262166405139e-01 8.054561624852634161e-01 1.561161351737267999e-01 1.047449785601444333e-01 1.561161351737267999e-01
7.336923976538856085e-01 2.264298093587521765e-01 6.870417616499151503e-01 4.166135204081632404e-01 8.072555792260439622e-01 1.554616849119467015e-01 1.022906793048973112e-01 1.554616849119467015e-01
7.351813212822724264e-01 2.273361227336122836e-01 6.876864678917811169e-01 4.250325945241199554e-01 8.099650458127365393e-01 1.551642075202284698e-01 9.859512525389302340e-02 1.551642075202284698e-01
7.374931894180623004e-01 2.291116974494283587e-01 6.887310104646826581e-01 4.391436277815239375e-01 8.141223189724710041e-01 1.549857210851975364e-01 9.295305800045136624e-02 1.549857210851975364e-01
7.386134886420756551e-01 2.285031847133758287e-01 6.890844390649821793e-01 4.453448275862069150e-01 8.163974435872510815e-01 1.536768205616373117e-01 8.984992101105844509e-02 1.536768205616373117e-01
7.397985033598473148e-01 2.294018309483601692e-01 6.896260129979869813e-01 4.532841587636108338e-01 8.185484704957703972e-01 1.535578296049500135e-01 8.691604603926879336e-02 1.535578296049500135e-01
7.406059414432499821e-01 2.299014580639407723e-01 6.899814531140386897e-01 4.588004983093076916e-01 8.200376429708990944e-01 1.533793431699190801e-01 8.488490182802979622e-02 1.533793431699190801e-01
7.417189489141593484e-01 2.287047841306884544e-01 6.902667083998341724e-01 4.654731457800511674e-01 8.224161823408964178e-01 1.515944788196097182e-01 8.164071315730082878e-02 1.515944788196097182e-01
7.443983676813947792e-01 2.310240007259198591e-01 6.914879381649914336e-01 4.865278043187464263e-01 8.273180417381952312e-01 1.514754878629224200e-01 7.495486346197247074e-02 1.514754878629224200e-01
7.459209712355094890e-01 2.319952504909348345e-01 6.921176130611819133e-01 4.991157398310080429e-01 8.301722889821919749e-01 1.511185149928605531e-01 7.106183705709771814e-02 1.511185149928605531e-01
7.472330234412190020e-01 2.330792542933235456e-01 6.927116670476194393e-01 5.106639839034204931e-01 8.325921942542762189e-01 1.509995240361732549e-01 6.776122771383434606e-02 1.509995240361732549e-01
7.482320878749080251e-01 2.339542604205090137e-01 6.931672011769867137e-01 5.198770491803278437e-01 8.344329768971436856e-01 1.509400285578295919e-01 6.525050778605280544e-02 1.509400285578295919e-01
7.489202908737662145e-01 2.346141397327414502e-01 6.934859207497052758e-01 5.264577713218510091e-01 8.356946369107944861e-01 1.509400285578295919e-01 6.352967727375309626e-02 1.509400285578295919e-01
7.490737360376795717e-01 2.315261789825473482e-01 6.932215721054946211e-01 5.266047297297297147e-01 8.365219549525326759e-01 1.483817229890528333e-01 6.240126382306476760e-02 1.483817229890528333e-01
7.499062115429049324e-01 2.323241732650209723e-01 6.936067875954168294e-01 5.349635349635349924e-01 8.380524933297482937e-01 1.483817229890528333e-01 6.031369893929135889e-02 1.483817229890528333e-01
7.514018751641482474e-01 2.337881558587705522e-01 6.942508968940750425e-01 5.516707236114184454e-01 8.408860576227016326e-01 1.483222275107091981e-01 5.644888287068381555e-02 1.483222275107091981e-01
7.522198926371337357e-01 2.345301397581290304e-01 6.946099514746717496e-01 5.608822867431915160e-01 8.424165959999172504e-01 1.482627320323655351e-01 5.438952832317760916e-02 1.482627320323655351e-01
7.537877694000030271e-01 2.361413815976499686e-01 6.953055098495852793e-01 5.798045602605863547e-01 8.453535750480879463e-01 1.482627320323655351e-01 5.041187090950124267e-02 1.482627320323655351e-01
7.541187553221135875e-01 2.363938315539739210e-01 6.954473297216086092e-01 5.837825169908600342e-01 8.459740635793915331e-01 1.482032365540218999e-01 4.959377115775220196e-02 1.482032365540218999e-01
7.544012070033072614e-01 2.366970733561383766e-01 6.955692619198796667e-01 5.875000000000000222e-01 8.465118203065213898e-01 1.482032365540218999e-01 4.886030241480478209e-02 1.482032365540218999e-01
