9.622096781662881071e-01 5.358338914936369018e-02 9.580397658919806991e-01 1.951219512195122019e-01 9.681859391741532983e-01 3.105590062111801206e-02 4.316181448882870642e-03 3.105590062111801206e-02
9.613490792442300759e-01 1.053837342497136315e-01 9.596418774347540426e-01 2.008733624454148436e-01 9.648479353828401939e-01 7.142857142857142461e-02 9.394041976980365208e-03 7.142857142857142461e-02
9.608176529345666683e-01 1.046255506607929597e-01 9.597970926270560366e-01 1.799242424242424310e-01 9.636322426440286915e-01 7.375776397515527993e-02 1.105845181674565587e-02 7.375776397515527993e-02
9.604853793201125756e-01 1.058823529411764830e-01 9.599985108869519834e-01 1.701030927835051609e-01 9.627668342536883639e-01 7.686335403726708704e-02 1.229970661250282156e-02 7.686335403726708704e-02
9.602702935781101123e-01 1.050420168067226906e-01 9.601131774338914626e-01 1.623376623376623362e-01 9.622105002884695502e-01 7.763975155279502494e-02 1.303317535545023623e-02 7.763975155279502494e-02
9.599293302957163654e-01 1.046690610569522700e-01 9.602199403227807961e-01 1.543116490166414612e-01 9.614275117448282115e-01 7.919254658385092849e-02 1.407695779733694405e-02 7.919254658385092849e-02
9.597376405029804936e-01 1.034136546184739047e-01 9.604567164181303518e-01 1.463068181818181768e-01 9.608093628945850728e-01 7.996894409937888026e-02 1.506431956668923509e-02 7.996894409937888026e-02
9.595719954378636452e-01 1.028175976272862197e-01 9.606004480236693954e-01 1.414965986394557951e-01 9.603354487760652480e-01 8.074534161490683204e-02 1.574136763710223472e-02 8.074534161490683204e-02
9.592663376772232464e-01 1.007263922518159827e-01 9.607175359379571677e-01 1.338481338481338490e-01 9.596142751174482344e-01 8.074534161490683204e-02 1.658767772511848468e-02 8.074534161490683204e-02
9.588886254128005104e-01 9.857819905213270617e-02 9.607813609407382938e-01 1.265206812652068247e-01 9.587900766504574568e-01 8.074534161490683204e-02 1.760324983073798324e-02 8.074534161490683204e-02
9.585288399463061104e-01 9.660938225731538487e-02 9.608551209866421638e-01 1.202312138728323654e-01 9.580070881068161182e-01 8.074534161490683204e-02 1.870345294515910611e-02 8.074534161490683204e-02
9.581355340441849444e-01 9.390519187358915831e-02 9.610711513214547086e-01 1.121898597626753008e-01 9.570180499464270296e-01 8.074534161490683204e-02 2.014218009478672966e-02 8.074534161490683204e-02
9.572232768158285277e-01 8.988764044943821363e-02 9.610568529317403685e-01 1.013645224171539905e-01 9.551636033956976135e-01 8.074534161490683204e-02 2.242721733243060317e-02 8.074534161490683204e-02
9.565888290864947852e-01 8.728493495593789286e-02 9.611042282673919468e-01 9.497716894977169255e-02 9.538448858485123472e-01 8.074534161490683204e-02 2.378131347325660241e-02 8.074534161490683204e-02
9.559170622867610989e-01 8.454106280193236789e-02 9.612621662350127050e-01 8.779264214046822445e-02 9.522995137229044449e-01 8.152173913043478382e-02 2.595350936583164236e-02 8.152173913043478382e-02
9.553098219018326676e-01 8.104978772674642507e-02 9.615472933047088944e-01 8.058326937835763593e-02 9.507747465589713176e-01 8.152173913043478382e-02 2.826675693974272166e-02 8.152173913043478382e-02
9.535950986585559619e-01 7.497322384862549483e-02 9.616486216716596536e-01 6.939854593522802595e-02 9.472306931509107963e-01 8.152173913043478382e-02 3.348566914917625731e-02 8.152173913043478382e-02
9.076453927988028525e-01 1.358601361270519448e-01 9.644029029272023212e-01 8.203062046736503410e-02 8.716994972389350194e-01 1.052173913043478382e-01 1.202606635071090113e-01 3.951863354037267184e-01
8.834542947842255467e-01 1.062370062370062290e-01 9.643578024693534312e-01 6.132981277004320719e-02 8.698096101541252345e-01 3.967391304347825942e-01 1.446626043782441862e-01 3.967391304347825942e-01
8.726365263569737518e-01 9.743540852321479206e-02 9.644093700537187397e-01 5.553744158243668905e-02 8.034492705843567784e-01 3.967391304347825942e-01 1.596987136086662207e-01 3.967391304347825942e-01
8.648117779239623548e-01 9.116758485871691298e-02 9.647763734537840863e-01 5.147501505117399456e-02 7.900766504574302518e-01 3.982919254658385255e-01 1.740295644324080238e-01 3.982919254658385255e-01
8.542299076430357463e-01 8.395384993044759103e-02 9.657386697218226512e-01 4.692216226104454352e-02 7.725006181488504042e-01 3.982919254658385255e-01 1.847777025502143899e-01 3.982919254658385255e-01
8.464117188237817446e-01 7.983845914880396966e-02 9.658296107175565748e-01 4.435623058336209817e-02 7.600552212972884192e-01 3.990683229813664634e-01 1.929587000677047970e-01 3.990683229813664634e-01
8.357558200289165740e-01 7.520221525905414206e-02 9.661368760866704264e-01 4.149577804583835794e-02 7.438391164592434990e-01 4.006211180124223392e-01 2.020424283457458725e-01 4.006211180124223392e-01
8.281984238760684569e-01 7.235970721505750880e-02 9.615161131433802577e-01 3.974879375047866981e-02 7.324033627297453775e-01 4.029503105590062084e-01 2.105055292259083721e-01 4.029503105590062084e-01
8.205123575208600473e-01 6.953620286953619833e-02 9.618284350890436984e-01 3.803752646564940998e-02 7.206997444984751811e-01 4.045031055900620842e-01 2.207740916271722087e-01 4.045031055900620842e-01
8.125652798233945484e-01 6.682883113557802623e-02 9.623620731887927437e-01 3.641691084135621759e-02 7.087282617654330208e-01 4.052795031055900776e-01 2.303091852854886046e-01 4.052795031055900776e-01
8.026817017259142428e-01 6.386883641257799782e-02 9.623707606629517963e-01 3.466595829459423461e-02 6.946550729415643666e-01 4.052795031055900776e-01 2.416497404649063374e-01 4.052795031055900776e-01
7.934373772327963925e-01 6.168125477295424014e-02 9.630099774392504308e-01 3.336510962821735010e-02 6.818593917415315397e-01 4.076086956521738913e-01 2.501128413450688370e-01 4.076086956521738913e-01
7.826395412742414015e-01 5.921831819976312861e-02 9.628172672662079767e-01 3.192848020434227441e-02 6.677243880326382275e-01 4.076086956521738913e-01 2.595633039945836051e-01 4.076086956521738913e-01
7.706328819043790634e-01 5.701897018970189523e-02 9.627582581119203953e-01 3.064910849551334346e-02 6.533627297453227234e-01 4.083850931677018847e-01 2.662773640261791863e-01 4.083850931677018847e-01
7.597186681830907506e-01 5.985089411396694870e-02 9.643447482696482220e-01 3.207958419493656815e-02 6.398458748866727719e-01 4.456521739130434590e-01 2.746840442338072674e-01 4.456521739130434590e-01
7.541716136474528875e-01 1.076484467164766090e-01 9.750989889731216387e-01 5.746221662468514041e-02 6.271944284183630369e-01 8.501552795031055432e-01 2.845858722635973836e-01 8.501552795031055432e-01
7.420766975828300138e-01 1.042901161412657096e-01 9.752786773379397145e-01 5.553592164386328411e-02 6.123176460891782691e-01 8.540372670807453437e-01 2.962931618144888368e-01 8.540372670807453437e-01
3.371365348778286863e-01 5.587739238835520705e-02 9.655022859915997069e-01 2.884688186154506229e-02 2.055344927058435356e-01 8.874223602484472284e-01 7.852064996614759318e-01 8.874223602484472284e-01
2.916786618238463302e-01 5.490085385646743116e-02 9.655133823480855915e-01 2.830806549423893134e-02 1.732877276848265313e-01 9.060559006211179600e-01 8.233468742947416263e-01 9.060559006211179600e-01
2.695213866443074702e-01 5.427521324056309299e-02 9.654256141887722631e-01 2.797036189931622827e-02 1.581636858155443803e-01 9.114906832298136363e-01 8.394831866395847664e-01 9.114906832298136363e-01
2.547285432605931876e-01 5.365630712979890110e-02 9.649622694597672634e-01 2.764174044076097084e-02 1.481496744416055111e-01 9.114906832298136363e-01 8.503159557661927881e-01 9.114906832298136363e-01
2.431454396439966803e-01 5.318474223067862910e-02 9.649323130516329616e-01 2.739150723285114358e-02 1.403609989285419801e-01 9.114906832298136363e-01 8.570018054615210490e-01 9.114906832298136363e-01
2.330011140133003145e-01 5.279726569526893565e-02 9.647706930412407456e-01 2.718599481289366362e-02 1.337880161542899515e-01 9.114906832298136363e-01 8.619386143082825580e-01 9.114906832298136363e-01
2.224064721688079338e-01 5.238615827402334085e-02 9.649630361681521551e-01 2.696804722853926931e-02 1.267823291848677036e-01 9.114906832298136363e-01 8.671857368539832578e-01 9.114906832298136363e-01
2.126694761927615807e-01 5.201479807713608322e-02 9.661499623578834184e-01 2.677125852279205534e-02 1.204566059507129333e-01 9.114906832298136363e-01 8.729970661250282538e-01 9.114906832298136363e-01
2.001147928164272727e-01 5.156246568724334040e-02 9.671883408129328119e-01 2.653167303215892003e-02 1.124206708975521302e-01 9.114906832298136363e-01 8.783006093432633721e-01 9.114906832298136363e-01
1.876841973913847827e-01 5.113797234019383520e-02 9.663940605136921436e-01 2.630694422658928430e-02 1.046526003461633464e-01 9.114906832298136363e-01 8.843376213044459311e-01 9.114906832298136363e-01
1.758423786406601019e-01 5.074672026626898813e-02 9.652165450391924084e-01 2.609990885040350261e-02 9.735844391329431802e-02 9.114906832298136363e-01 8.910234709997743030e-01 9.114906832298136363e-01
1.679800641265578598e-01 5.049462365591397828e-02 9.644186357663021569e-01 2.596655755109263108e-02 9.259869776642214168e-02 9.114906832298136363e-01 8.951421800947867435e-01 9.114906832298136363e-01
1.614670425474907800e-01 5.029021825269335694e-02 9.637399708191590753e-01 2.585846126737296677e-02 8.870436000989037617e-02 9.114906832298136363e-01 8.984145791017829064e-01 9.114906832298136363e-01
1.549047582218528729e-01 5.008852955607227125e-02 9.630624691696975104e-01 2.575182609840093173e-02 8.483062721503335790e-02 9.114906832298136363e-01 9.014895057549086044e-01 9.114906832298136363e-01
1.484616680365815899e-01 4.989375265618360006e-02 9.623291070464016217e-01 2.564886830376649635e-02 8.105991922855022846e-02 9.114906832298136363e-01 9.046208530805687209e-01 9.114906832298136363e-01
1.394270452585827103e-01 4.962905032656253490e-02 9.614087009150317220e-01 2.550898463811572536e-02 7.588807384818264945e-02 9.114906832298136363e-01 9.082881967953058133e-01 9.114906832298136363e-01
1.087854593559057503e-01 4.883213952039863054e-02 9.555834641394204132e-01 2.508692962433602819e-02 5.833264650127751444e-02 9.130434782608695121e-01 9.276686978108779069e-01 9.130434782608695121e-01
6.368546192725306476e-02 5.203830148276836903e-02 8.876617489491469559e-01 2.671423238063632896e-02 3.309156844968268868e-02 1.000000000000000000e+00 9.610415256149853480e-01 1.000000000000000000e+00
5.601180863487034006e-02 5.182890024546295965e-02 8.876617489491469559e-01 2.660387491221547634e-02 2.897057611472842950e-02 1.000000000000000000e+00 9.654987587452041886e-01 1.000000000000000000e+00
4.872055469095847025e-02 5.163462887610496127e-02 8.876617489491469559e-01 2.650151231456143036e-02 2.511744828154619316e-02 1.000000000000000000e+00 9.682351613631234866e-01 1.000000000000000000e+00
4.482441499423604758e-02 5.153133689411670132e-02 8.876617489491469559e-01 2.644709554218599087e-02 2.305695211406906878e-02 1.000000000000000000e+00 9.705201986007673254e-01 1.000000000000000000e+00
4.177627298254665833e-02 5.145105558551540947e-02 8.876617489491469559e-01 2.640480534656306985e-02 2.144976510343690745e-02 1.000000000000000000e+00 9.723820807944030253e-01 1.000000000000000000e+00
3.799545621200713097e-02 5.135259055479137608e-02 8.876617489491469559e-01 2.635294117647058940e-02 1.947168878265886569e-02 1.000000000000000000e+00 9.743568043331076733e-01 1.000000000000000000e+00
3.550131426594382855e-02 5.128817743798032985e-02 8.791518997774664390e-01 2.631901589766643540e-02 1.817357619714827371e-02 1.000000000000000000e+00 9.757391108102008159e-01 1.000000000000000000e+00
3.289327783856655502e-02 5.122087011850791349e-02 8.729910162367098270e-01 2.628356868827034371e-02 1.681364872661336718e-02 1.000000000000000000e+00 9.773470999774317436e-01 1.000000000000000000e+00
3.022753854761565939e-02 5.115272344566015872e-02 7.304046814472925364e-01 2.624768193026431190e-02 1.543311629440369259e-02 1.000000000000000000e+00 9.788704581358609325e-01 1.000000000000000000e+00
2.868451373569211316e-02 5.111313941029405755e-02 7.304046814472925364e-01 2.622683771126043534e-02 1.462952278908761193e-02 1.000000000000000000e+00 9.799706612502820935e-01 1.000000000000000000e+00
2.745563034310691264e-02 5.108171885224772196e-02 7.304046814472925364e-01 2.621029283083372435e-02 1.399076897716970171e-02 1.000000000000000000e+00 9.808451816745655805e-01 1.000000000000000000e+00
2.566800997935721543e-02 5.103617704164521013e-02 7.304046814472925364e-01 2.618631317854674262e-02 1.306354570180499539e-02 1.000000000000000000e+00 9.821146468065898860e-01 1.000000000000000000e+00
2.455346075093245428e-02 5.100788087600490600e-02 7.304046814472925364e-01 2.617141463811110610e-02 1.248660677491139799e-02 1.000000000000000000e+00 9.829045362220717452e-01 1.000000000000000000e+00
2.327756854981654841e-02 5.097558079708710416e-02 7.304046814472925364e-01 2.615440847987653833e-02 1.182724800131871451e-02 1.000000000000000000e+00 9.838072669826224415e-01 1.000000000000000000e+00
2.179948945044857950e-02 5.093828478772419177e-02 7.304046814472925364e-01 2.613477263965261962e-02 1.106486441935218036e-02 1.000000000000000000e+00 9.848510494245091840e-01 1.000000000000000000e+00
1.931588250911471516e-02 5.087591096715580324e-02 7.304046814472925364e-01 2.610193535312594834e-02 9.787356795516359911e-03 1.000000000000000000e+00 9.866000902730760469e-01 1.000000000000000000e+00
0.000000000000000000e+00 5.040306801283556126e-02 0.000000000000000000e+00 2.585307105580088305e-02 0.000000000000000000e+00 1.000000000000000000e+00 1.000000000000000000e+00 1.000000000000000000e+00
0.000000000000000000e+00 5.040306801283556126e-02 0.000000000000000000e+00 2.585307105580088305e-02 0.000000000000000000e+00 1.000000000000000000e+00 1.000000000000000000e+00 1.000000000000000000e+00
0.000000000000000000e+00 5.040306801283556126e-02 0.000000000000000000e+00 2.585307105580088305e-02 0.000000000000000000e+00 1.000000000000000000e+00 1.000000000000000000e+00 1.000000000000000000e+00
0.000000000000000000e+00 5.040306801283556126e-02 0.000000000000000000e+00 2.585307105580088305e-02 0.000000000000000000e+00 1.000000000000000000e+00 1.000000000000000000e+00 1.000000000000000000e+00
0.000000000000000000e+00 5.040306801283556126e-02 0.000000000000000000e+00 2.585307105580088305e-02 0.000000000000000000e+00 1.000000000000000000e+00 1.000000000000000000e+00 1.000000000000000000e+00
0.000000000000000000e+00 5.040306801283556126e-02 0.000000000000000000e+00 2.585307105580088305e-02 0.000000000000000000e+00 1.000000000000000000e+00 1.000000000000000000e+00 1.000000000000000000e+00
0.000000000000000000e+00 5.040306801283556126e-02 0.000000000000000000e+00 2.585307105580088305e-02 0.000000000000000000e+00 1.000000000000000000e+00 1.000000000000000000e+00 1.000000000000000000e+00
0.000000000000000000e+00 5.040306801283556126e-02 0.000000000000000000e+00 2.585307105580088305e-02 0.000000000000000000e+00 1.000000000000000000e+00 1.000000000000000000e+00 1.000000000000000000e+00
0.000000000000000000e+00 5.040306801283556126e-02 0.000000000000000000e+00 2.585307105580088305e-02 0.000000000000000000e+00 1.000000000000000000e+00 1.000000000000000000e+00 1.000000000000000000e+00
0.000000000000000000e+00 5.040306801283556126e-02 0.000000000000000000e+00 2.585307105580088305e-02 0.000000000000000000e+00 1.000000000000000000e+00 1.000000000000000000e+00 1.000000000000000000e+00
0.000000000000000000e+00 5.040306801283556126e-02 0.000000000000000000e+00 2.585307105580088305e-02 0.000000000000000000e+00 1.000000000000000000e+00 1.000000000000000000e+00 1.000000000000000000e+00
0.000000000000000000e+00 5.040306801283556126e-02 0.000000000000000000e+00 2.585307105580088305e-02 0.000000000000000000e+00 1.000000000000000000e+00 1.000000000000000000e+00 1.000000000000000000e+00
0.000000000000000000e+00 5.040306801283556126e-02 0.000000000000000000e+00 2.585307105580088305e-02 0.000000000000000000e+00 1.000000000000000000e+00 1.000000000000000000e+00 1.000000000000000000e+00
0.000000000000000000e+00 5.040306801283556126e-02 0.000000000000000000e+00 2.585307105580088305e-02 0.000000000000000000e+00 1.000000000000000000e+00 1.000000000000000000e+00 1.000000000000000000e+00
0.000000000000000000e+00 5.040306801283556126e-02 0.000000000000000000e+00 2.585307105580088305e-02 0.000000000000000000e+00 1.000000000000000000e+00 1.000000000000000000e+00 1.000000000000000000e+00
0.000000000000000000e+00 5.040306801283556126e-02 0.000000000000000000e+00 2.585307105580088305e-02 0.000000000000000000e+00 1.000000000000000000e+00 1.000000000000000000e+00 1.000000000000000000e+00
0.000000000000000000e+00 5.040306801283556126e-02 0.000000000000000000e+00 2.585307105580088305e-02 0.000000000000000000e+00 1.000000000000000000e+00 1.000000000000000000e+00 1.000000000000000000e+00
0.000000000000000000e+00 5.040306801283556126e-02 0.000000000000000000e+00 2.585307105580088305e-02 0.000000000000000000e+00 1.000000000000000000e+00 1.000000000000000000e+00 1.000000000000000000e+00
0.000000000000000000e+00 5.040306801283556126e-02 0.000000000000000000e+00 2.585307105580088305e-02 0.000000000000000000e+00 1.000000000000000000e+00 1.000000000000000000e+00 1.000000000000000000e+00
0.000000000000000000e+00 5.040306801283556126e-02 0.000000000000000000e+00 2.585307105580088305e-02 0.000000000000000000e+00 1.000000000000000000e+00 1.000000000000000000e+00 1.000000000000000000e+00
0.000000000000000000e+00 5.040306801283556126e-02 0.000000000000000000e+00 2.585307105580088305e-02 0.000000000000000000e+00 1.000000000000000000e+00 1.000000000000000000e+00 1.000000000000000000e+00
0.000000000000000000e+00 5.040306801283556126e-02 0.000000000000000000e+00 2.585307105580088305e-02 0.000000000000000000e+00 1.000000000000000000e+00 1.000000000000000000e+00 1.000000000000000000e+00
0.000000000000000000e+00 5.040306801283556126e-02 0.000000000000000000e+00 2.585307105580088305e-02 0.000000000000000000e+00 1.000000000000000000e+00 1.000000000000000000e+00 1.000000000000000000e+00
0.000000000000000000e+00 5.040306801283556126e-02 0.000000000000000000e+00 2.585307105580088305e-02 0.000000000000000000e+00 1.000000000000000000e+00 1.000000000000000000e+00 1.000000000000000000e+00
0.000000000000000000e+00 5.040306801283556126e-02 0.000000000000000000e+00 2.585307105580088305e-02 0.000000000000000000e+00 1.000000000000000000e+00 1.000000000000000000e+00 1.000000000000000000e+00
0.000000000000000000e+00 5.040306801283556126e-02 0.000000000000000000e+00 2.585307105580088305e-02 0.000000000000000000e+00 1.000000000000000000e+00 1.000000000000000000e+00 1.000000000000000000e+00
0.000000000000000000e+00 5.040306801283556126e-02 0.000000000000000000e+00 2.585307105580088305e-02 0.000000000000000000e+00 1.000000000000000000e+00 1.000000000000000000e+00 1.000000000000000000e+00
0.000000000000000000e+00 5.040306801283556126e-02 0.000000000000000000e+00 2.585307105580088305e-02 0.000000000000000000e+00 1.000000000000000000e+00 1.000000000000000000e+00 1.000000000000000000e+00
0.000000000000000000e+00 5.040306801283556126e-02 0.000000000000000000e+00 2.585307105580088305e-02 0.000000000000000000e+00 1.000000000000000000e+00 1.000000000000000000e+00 1.000000000000000000e+00
0.000000000000000000e+00 5.040306801283556126e-02 0.000000000000000000e+00 2.585307105580088305e-02 0.000000000000000000e+00 1.000000000000000000e+00 1.000000000000000000e+00 1.000000000000000000e+00
0.000000000000000000e+00 5.040306801283556126e-02 0.000000000000000000e+00 2.585307105580088305e-02 0.000000000000000000e+00 1.000000000000000000e+00 1.000000000000000000e+00 1.000000000000000000e+00
0.000000000000000000e+00 5.040306801283556126e-02 0.000000000000000000e+00 2.585307105580088305e-02 0.000000000000000000e+00 1.000000000000000000e+00 1.000000000000000000e+00 1.000000000000000000e+00
0.000000000000000000e+00 5.040306801283556126e-02 0.000000000000000000e+00 2.585307105580088305e-02 0.000000000000000000e+00 1.000000000000000000e+00 1.000000000000000000e+00 1.000000000000000000e+00
