8.679357353491992111e-01 0.000000000000000000e+00 7.960609966611534860e-01 0.000000000000000000e+00 9.783557657329938761e-01 0.000000000000000000e+00 0.000000000000000000e+00 0.000000000000000000e+00
8.841677523566343622e-01 6.177897574123989433e-01 8.406684764415467415e-01 8.119981105337742422e-01 9.437977446344124610e-01 4.985498839907192559e-01 4.825997332363283349e-02 4.985498839907192559e-01
8.850684610574663935e-01 6.361640467199438653e-01 8.444911627883213701e-01 8.065018926742373306e-01 9.397962895598399591e-01 5.252320185614849368e-01 5.268582514853886040e-02 5.252320185614849368e-01
8.851876876480827550e-01 6.453009961022088126e-01 8.467999222898517919e-01 8.012475801247580520e-01 9.365223717715532858e-01 5.401682134570765514e-01 5.602037104401600548e-02 5.401682134570765514e-01
8.846589931668940032e-01 6.498455200823892719e-01 8.477149001264879802e-01 7.960470984020184826e-01 9.337941069479811507e-01 5.490139211136890740e-01 5.880926397477870965e-02 5.490139211136890740e-01
8.853466532412004319e-01 6.588475267720551587e-01 8.497560535485833011e-01 7.958932238193018316e-01 9.323390323754091602e-01 5.620649651972158267e-01 6.026433854735055440e-02 5.620649651972158267e-01
8.865787452748191688e-01 6.680714767363451490e-01 8.520129066865930190e-01 7.977053140096618256e-01 9.317933794106948442e-01 5.746809744779581841e-01 6.093124772644598064e-02 5.746809744779581841e-01
8.856331614404786556e-01 6.727121464226289982e-01 8.535865165211349304e-01 7.890320062451210426e-01 9.272462713714078042e-01 5.862819025522041372e-01 6.553898387292349248e-02 5.862819025522041372e-01
8.854359827146491835e-01 6.759236300520703455e-01 8.548136147053755352e-01 7.858927541802805949e-01 9.252455438341214977e-01 5.929524361948955713e-01 6.753971141020977120e-02 5.929524361948955713e-01
8.854492816538352962e-01 6.789940828402366568e-01 8.560269775227558053e-01 7.835735963581184071e-01 9.237298411543591881e-01 5.990429234338746634e-01 6.917667030435309394e-02 5.990429234338746634e-01
8.853506890973917853e-01 6.815323041738136078e-01 8.572661757374294700e-01 7.802506078174676896e-01 9.219109979386442832e-01 6.049883990719258087e-01 7.123802594882987227e-02 6.049883990719258087e-01
8.845800764830079599e-01 6.826658018485487478e-01 8.585335382168148843e-01 7.741816844428098809e-01 9.188795925791197750e-01 6.104988399071925587e-01 7.445131562992603202e-02 6.104988399071925587e-01
8.817646280929347657e-01 6.799711469103150163e-01 8.592568692480553327e-01 7.600788389177566273e-01 9.123923851097368587e-01 6.151392111368909621e-01 8.118103552807080792e-02 6.151392111368909621e-01
8.317050454422660888e-01 6.327980673582492832e-01 8.618849523236828958e-01 6.203677904708833069e-01 8.296956469019037828e-01 6.457366589327145912e-01 1.652115920940948335e-01 6.457366589327145912e-01
8.211747096888133424e-01 6.287653209611523408e-01 8.646948166523336088e-01 6.017229953611663573e-01 8.129016612101370720e-01 6.583526682134570596e-01 1.821874621074330014e-01 6.583526682134570596e-01
8.145378600638883970e-01 6.286724700761696649e-01 8.675222079101662098e-01 5.919569672131147486e-01 8.021098581302291697e-01 6.702436194895591282e-01 1.931611495089123332e-01 6.702436194895591282e-01
8.111421588870283417e-01 6.303005904455178943e-01 8.706397383900444931e-01 5.865384615384615641e-01 7.948951133745605357e-01 6.811194895591646814e-01 2.007396629077240202e-01 6.811194895591646814e-01
8.069694106043988624e-01 6.299807730557580587e-01 8.728555176518791869e-01 5.803102479540734882e-01 7.876803686188917908e-01 6.889501160092806886e-01 2.083181763065357073e-01 6.889501160092806886e-01
8.028367702886840540e-01 6.288261126040506355e-01 8.748254903312172592e-01 5.737351991388589534e-01 7.802231114344609919e-01 6.956206496519721227e-01 2.160785740269188793e-01 6.956206496519721227e-01
7.977595387643394709e-01 6.266433521145002850e-01 8.760318447478496751e-01 5.661790520772381763e-01 7.715532921062204785e-01 7.015661252900231570e-01 2.247483933551594482e-01 7.015661252900231570e-01
7.890713413865225734e-01 6.226330889384762424e-01 8.784138165153962952e-01 5.555808396859710507e-01 7.597914393112646936e-01 7.080916473317865334e-01 2.368133866860676617e-01 7.080916473317865334e-01
7.849492505839492651e-01 6.215756659739277712e-01 8.808123915908244728e-01 5.493710341756651294e-01 7.514853886261670946e-01 7.156322505800464251e-01 2.454225779071177449e-01 7.156322505800464251e-01
7.784479774098961302e-01 6.180982547667845939e-01 8.823414873336249409e-01 5.405757740358501096e-01 7.405723293318782208e-01 7.215777262180974594e-01 2.563962653085970489e-01 7.215777262180974594e-01
7.685141693713769540e-01 6.104221394098601206e-01 8.829511394778097877e-01 5.273936450965902578e-01 7.257184430702074973e-01 7.244779582366589477e-01 2.714320358918394516e-01 7.244779582366589477e-01
7.531348068930199258e-01 6.004288777698355561e-01 8.846500189543211601e-01 5.095026283865750072e-01 7.031041590881531578e-01 7.308584686774941552e-01 2.941675760882745405e-01 7.308584686774941552e-01
7.081632746806134637e-01 5.733265777177278810e-01 8.865919034206960481e-01 4.685745836017299881e-01 6.473869285800897266e-01 7.383990719257540469e-01 3.501273190251000256e-01 7.383990719257540469e-01
5.955916500017270909e-01 5.332673757111056068e-01 8.780967154633483318e-01 4.046850364141452161e-01 5.176427791924336219e-01 7.816125290023201444e-01 4.807202619134230415e-01 7.816125290023201444e-01
5.873975914868687642e-01 5.352126414358173712e-01 8.829964024233036834e-01 4.032186948853615505e-01 5.064265793621922640e-01 7.956786542923434125e-01 4.923608584939977995e-01 7.956786542923434125e-01
5.814566489791993531e-01 5.376344086021506152e-01 8.865850105377577339e-01 4.027306219750054206e-01 4.975748757123801824e-01 8.084396751740139386e-01 5.012731902510003668e-01 8.084396751740139386e-01
5.780639223152139738e-01 5.410752688172043579e-01 8.906678566918800888e-01 4.035212773540522990e-01 4.915120649933309993e-01 8.209106728538283493e-01 5.073360009700497164e-01 8.209106728538283493e-01
5.746388679937690647e-01 5.432637571157495904e-01 8.939286656298794931e-01 4.036943034404963382e-01 4.861767915605674228e-01 8.303364269141531029e-01 5.127925306171940978e-01 8.303364269141531029e-01
5.733301523039181502e-01 5.471600282818760430e-01 8.990125280081574521e-01 4.053355681262658106e-01 4.828422456650903749e-01 8.416473317865429404e-01 5.162483327270522837e-01 8.416473317865429404e-01
5.704001323583742789e-01 5.511862507005417244e-01 9.042613040285570891e-01 4.065169468173050471e-01 4.767794349460409697e-01 8.557134570765660975e-01 5.223111434461016334e-01 8.557134570765660975e-01
5.680207318236234482e-01 5.536576308949128222e-01 8.678088433852573225e-01 4.071545603495357879e-01 4.726567236570874408e-01 8.648491879350348466e-01 5.264944828422456480e-01 8.648491879350348466e-01
5.658021636392921438e-01 5.572561312926423982e-01 8.723946369797086486e-01 4.084887807515544811e-01 4.685340123681339120e-01 8.764501160092806886e-01 5.306171941311992324e-01 8.764501160092806886e-01
5.643450010514322601e-01 5.601614086573734053e-01 8.788187498767443540e-01 4.096030042918454850e-01 4.653813507942282657e-01 8.857308584686774955e-01 5.337698557051049342e-01 8.857308584686774955e-01
5.599600392855633713e-01 5.637693670771048993e-01 8.855048468847025456e-01 4.105075100906504515e-01 4.590760276464168066e-01 8.996519721577725948e-01 5.401358069601066569e-01 8.996519721577725948e-01
5.513217594523582843e-01 5.640333108260184858e-01 8.897458787922057910e-01 4.089692538677459632e-01 4.502849521037952663e-01 9.084976798143851173e-01 5.489268825027282528e-01 9.084976798143851173e-01
5.063510668814500404e-01 5.564356435643563747e-01 8.370307469617213059e-01 3.956777274396963140e-01 4.011155571723050706e-01 9.372099767981438845e-01 5.984600460773614738e-01 9.372099767981438845e-01
4.610611018776765713e-01 5.488009391246018165e-01 8.428387258393453818e-01 3.859990563812220055e-01 3.683763792894385602e-01 9.491009280742459531e-01 6.311992239602279842e-01 9.491009280742459531e-01
4.549239248203154062e-01 5.495604349818756784e-01 8.465231354957725163e-01 3.855597778427360400e-01 3.623741966775797518e-01 9.563515081206496182e-01 6.372014065720867926e-01 9.563515081206496182e-01
4.495867059780728203e-01 5.485932442526351149e-01 8.492836216244934455e-01 3.842576444599465346e-01 3.576452043167212547e-01 9.585266821345708177e-01 6.421729113617072882e-01 9.585266821345708177e-01
4.446887329582251414e-01 5.480777180653162439e-01 8.524733786179571338e-01 3.833121313750433856e-01 3.533406087061962131e-01 9.612819025522041372e-01 6.465987631866133567e-01 9.612819025522041372e-01
4.403168960930841092e-01 5.475984333127189574e-01 8.551158517629862121e-01 3.825681202834264605e-01 3.501879471322905113e-01 9.630220417633410523e-01 6.498120528677094887e-01 9.630220417633410523e-01
4.367078002425488492e-01 5.467631817060130128e-01 8.555401196305181255e-01 3.816167183373521676e-01 3.469746574511943793e-01 9.638921113689095099e-01 6.530253425488056207e-01 9.638921113689095099e-01
4.329922321933239449e-01 5.459242250287026366e-01 8.562911383404889776e-01 3.805739766750514397e-01 3.430944585910027933e-01 9.653422273781903096e-01 6.569055414089972622e-01 9.653422273781903096e-01
4.294017671040983863e-01 5.453950597088171870e-01 8.572252229998922335e-01 3.798131692868534914e-01 3.398811689099066058e-01 9.669373549883990560e-01 6.601188310900933942e-01 9.669373549883990560e-01
4.257769837745161712e-01 5.443936673739186993e-01 8.478524470031262306e-01 3.787758346581875935e-01 3.366678792288104738e-01 9.673723897911833403e-01 6.633321207711895262e-01 9.673723897911833403e-01
4.220332693847523298e-01 5.437604264149408229e-01 8.487817062298450566e-01 3.779198009162377803e-01 3.331514490117618577e-01 9.689675174013920866e-01 6.668485509882381423e-01 9.689675174013920866e-01
4.183208642718701520e-01 5.427180527383367314e-01 8.492629768082956554e-01 3.767601667229920070e-01 3.291499939371893002e-01 9.699825986078886020e-01 6.708500060628107553e-01 9.699825986078886020e-01
4.039932136109871119e-01 5.381899871630295706e-01 5.681013191399743034e-01 3.720053238686779062e-01 3.134473141748514435e-01 9.727378190255220325e-01 6.865526858251485010e-01 9.727378190255220325e-01
0.000000000000000000e+00 4.553919302648088419e-01 0.000000000000000000e+00 2.948268490808037545e-01 0.000000000000000000e+00 1.000000000000000000e+00 1.000000000000000000e+00 1.000000000000000000e+00
0.000000000000000000e+00 4.553919302648088419e-01 0.000000000000000000e+00 2.948268490808037545e-01 0.000000000000000000e+00 1.000000000000000000e+00 1.000000000000000000e+00 1.000000000000000000e+00
0.000000000000000000e+00 4.553919302648088419e-01 0.000000000000000000e+00 2.948268490808037545e-01 0.000000000000000000e+00 1.000000000000000000e+00 1.000000000000000000e+00 1.000000000000000000e+00
0.000000000000000000e+00 4.553919302648088419e-01 0.000000000000000000e+00 2.948268490808037545e-01 0.000000000000000000e+00 1.000000000000000000e+00 1.000000000000000000e+00 1.000000000000000000e+00
0.000000000000000000e+00 4.553919302648088419e-01 0.000000000000000000e+00 2.948268490808037545e-01 0.000000000000000000e+00 1.000000000000000000e+00 1.000000000000000000e+00 1.000000000000000000e+00
0.000000000000000000e+00 4.553919302648088419e-01 0.000000000000000000e+00 2.948268490808037545e-01 0.000000000000000000e+00 1.000000000000000000e+00 1.000000000000000000e+00 1.000000000000000000e+00
0.000000000000000000e+00 4.553919302648088419e-01 0.000000000000000000e+00 2.948268490808037545e-01 0.000000000000000000e+00 1.000000000000000000e+00 1.000000000000000000e+00 1.000000000000000000e+00
0.000000000000000000e+00 4.553919302648088419e-01 0.000000000000000000e+00 2.948268490808037545e-01 0.000000000000000000e+00 1.000000000000000000e+00 1.000000000000000000e+00 1.000000000000000000e+00
0.000000000000000000e+00 4.553919302648088419e-01 0.000000000000000000e+00 2.948268490808037545e-01 0.000000000000000000e+00 1.000000000000000000e+00 1.000000000000000000e+00 1.000000000000000000e+00
0.000000000000000000e+00 4.553919302648088419e-01 0.000000000000000000e+00 2.948268490808037545e-01 0.000000000000000000e+00 1.000000000000000000e+00 1.000000000000000000e+00 1.000000000000000000e+00
0.000000000000000000e+00 4.553919302648088419e-01 0.000000000000000000e+00 2.948268490808037545e-01 0.000000000000000000e+00 1.000000000000000000e+00 1.000000000000000000e+00 1.000000000000000000e+00
0.000000000000000000e+00 4.553919302648088419e-01 0.000000000000000000e+00 2.948268490808037545e-01 0.000000000000000000e+00 1.000000000000000000e+00 1.000000000000000000e+00 1.000000000000000000e+00
0.000000000000000000e+00 4.553919302648088419e-01 0.000000000000000000e+00 2.948268490808037545e-01 0.000000000000000000e+00 1.000000000000000000e+00 1.000000000000000000e+00 1.000000000000000000e+00
0.000000000000000000e+00 4.553919302648088419e-01 0.000000000000000000e+00 2.948268490808037545e-01 0.000000000000000000e+00 1.000000000000000000e+00 1.000000000000000000e+00 1.000000000000000000e+00
0.000000000000000000e+00 4.553919302648088419e-01 0.000000000000000000e+00 2.948268490808037545e-01 0.000000000000000000e+00 1.000000000000000000e+00 1.000000000000000000e+00 1.000000000000000000e+00
0.000000000000000000e+00 4.553919302648088419e-01 0.000000000000000000e+00 2.948268490808037545e-01 0.000000000000000000e+00 1.000000000000000000e+00 1.000000000000000000e+00 1.000000000000000000e+00
0.000000000000000000e+00 4.553919302648088419e-01 0.000000000000000000e+00 2.948268490808037545e-01 0.000000000000000000e+00 1.000000000000000000e+00 1.000000000000000000e+00 1.000000000000000000e+00
0.000000000000000000e+00 4.553919302648088419e-01 0.000000000000000000e+00 2.948268490808037545e-01 0.000000000000000000e+00 1.000000000000000000e+00 1.000000000000000000e+00 1.000000000000000000e+00
0.000000000000000000e+00 4.553919302648088419e-01 0.000000000000000000e+00 2.948268490808037545e-01 0.000000000000000000e+00 1.000000000000000000e+00 1.000000000000000000e+00 1.000000000000000000e+00
0.000000000000000000e+00 4.553919302648088419e-01 0.000000000000000000e+00 2.948268490808037545e-01 0.000000000000000000e+00 1.000000000000000000e+00 1.000000000000000000e+00 1.000000000000000000e+00
0.000000000000000000e+00 4.553919302648088419e-01 0.000000000000000000e+00 2.948268490808037545e-01 0.000000000000000000e+00 1.000000000000000000e+00 1.000000000000000000e+00 1.000000000000000000e+00
0.000000000000000000e+00 4.553919302648088419e-01 0.000000000000000000e+00 2.948268490808037545e-01 0.000000000000000000e+00 1.000000000000000000e+00 1.000000000000000000e+00 1.000000000000000000e+00
0.000000000000000000e+00 4.553919302648088419e-01 0.000000000000000000e+00 2.948268490808037545e-01 0.000000000000000000e+00 1.000000000000000000e+00 1.000000000000000000e+00 1.000000000000000000e+00
0.000000000000000000e+00 4.553919302648088419e-01 0.000000000000000000e+00 2.948268490808037545e-01 0.000000000000000000e+00 1.000000000000000000e+00 1.000000000000000000e+00 1.000000000000000000e+00
0.000000000000000000e+00 4.553919302648088419e-01 0.000000000000000000e+00 2.948268490808037545e-01 0.000000000000000000e+00 1.000000000000000000e+00 1.000000000000000000e+00 1.000000000000000000e+00
0.000000000000000000e+00 4.553919302648088419e-01 0.000000000000000000e+00 2.948268490808037545e-01 0.000000000000000000e+00 1.000000000000000000e+00 1.000000000000000000e+00 1.000000000000000000e+00
0.000000000000000000e+00 4.553919302648088419e-01 0.000000000000000000e+00 2.948268490808037545e-01 0.000000000000000000e+00 1.000000000000000000e+00 1.000000000000000000e+00 1.000000000000000000e+00
0.000000000000000000e+00 4.553919302648088419e-01 0.000000000000000000e+00 2.948268490808037545e-01 0.000000000000000000e+00 1.000000000000000000e+00 1.000000000000000000e+00 1.000000000000000000e+00
0.000000000000000000e+00 4.553919302648088419e-01 0.000000000000000000e+00 2.948268490808037545e-01 0.000000000000000000e+00 1.000000000000000000e+00 1.000000000000000000e+00 1.000000000000000000e+00
0.000000000000000000e+00 4.553919302648088419e-01 0.000000000000000000e+00 2.948268490808037545e-01 0.000000000000000000e+00 1.000000000000000000e+00 1.000000000000000000e+00 1.000000000000000000e+00
0.000000000000000000e+00 4.553919302648088419e-01 0.000000000000000000e+00 2.948268490808037545e-01 0.000000000000000000e+00 1.000000000000000000e+00 1.000000000000000000e+00 1.000000000000000000e+00
0.000000000000000000e+00 4.553919302648088419e-01 0.000000000000000000e+00 2.948268490808037545e-01 0.000000000000000000e+00 1.000000000000000000e+00 1.000000000000000000e+00 1.000000000000000000e+00
0.000000000000000000e+00 4.553919302648088419e-01 0.000000000000000000e+00 2.948268490808037545e-01 0.000000000000000000e+00 1.000000000000000000e+00 1.000000000000000000e+00 1.000000000000000000e+00
0.000000000000000000e+00 4.553919302648088419e-01 0.000000000000000000e+00 2.948268490808037545e-01 0.000000000000000000e+00 1.000000000000000000e+00 1.000000000000000000e+00 1.000000000000000000e+00
0.000000000000000000e+00 4.553919302648088419e-01 0.000000000000000000e+00 2.948268490808037545e-01 0.000000000000000000e+00 1.000000000000000000e+00 1.000000000000000000e+00 1.000000000000000000e+00
0.000000000000000000e+00 4.553919302648088419e-01 0.000000000000000000e+00 2.948268490808037545e-01 0.000000000000000000e+00 1.000000000000000000e+00 1.000000000000000000e+00 1.000000000000000000e+00
0.000000000000000000e+00 4.553919302648088419e-01 0.000000000000000000e+00 2.948268490808037545e-01 0.000000000000000000e+00 1.000000000000000000e+00 1.000000000000000000e+00 1.000000000000000000e+00
0.000000000000000000e+00 4.553919302648088419e-01 0.000000000000000000e+00 2.948268490808037545e-01 0.000000000000000000e+00 1.000000000000000000e+00 1.000000000000000000e+00 1.000000000000000000e+00
0.000000000000000000e+00 4.553919302648088419e-01 0.000000000000000000e+00 2.948268490808037545e-01 0.000000000000000000e+00 1.000000000000000000e+00 1.000000000000000000e+00 1.000000000000000000e+00
0.000000000000000000e+00 4.553919302648088419e-01 0.000000000000000000e+00 2.948268490808037545e-01 0.000000000000000000e+00 1.000000000000000000e+00 1.000000000000000000e+00 1.000000000000000000e+00
0.000000000000000000e+00 4.553919302648088419e-01 0.000000000000000000e+00 2.948268490808037545e-01 0.000000000000000000e+00 1.000000000000000000e+00 1.000000000000000000e+00 1.000000000000000000e+00
0.000000000000000000e+00 4.553919302648088419e-01 0.000000000000000000e+00 2.948268490808037545e-01 0.000000000000000000e+00 1.000000000000000000e+00 1.000000000000000000e+00 1.000000000000000000e+00
0.000000000000000000e+00 4.553919302648088419e-01 0.000000000000000000e+00 2.948268490808037545e-01 0.000000000000000000e+00 1.000000000000000000e+00 1.000000000000000000e+00 1.000000000000000000e+00
0.000000000000000000e+00 4.553919302648088419e-01 0.000000000000000000e+00 2.948268490808037545e-01 0.000000000000000000e+00 1.000000000000000000e+00 1.000000000000000000e+00 1.000000000000000000e+00
0.000000000000000000e+00 4.553919302648088419e-01 0.000000000000000000e+00 2.948268490808037545e-01 0.000000000000000000e+00 1.000000000000000000e+00 1.000000000000000000e+00 1.000000000000000000e+00
0.000000000000000000e+00 4.553919302648088419e-01 0.000000000000000000e+00 2.948268490808037545e-01 0.000000000000000000e+00 1.000000000000000000e+00 1.000000000000000000e+00 1.000000000000000000e+00
0.000000000000000000e+00 4.553919302648088419e-01 0.000000000000000000e+00 2.948268490808037545e-01 0.000000000000000000e+00 1.000000000000000000e+00 1.000000000000000000e+00 1.000000000000000000e+00
0.000000000000000000e+00 4.553919302648088419e-01 0.000000000000000000e+00 2.948268490808037545e-01 0.000000000000000000e+00 1.000000000000000000e+00 1.000000000000000000e+00 1.000000000000000000e+00
0.000000000000000000e+00 4.553919302648088419e-01 0.000000000000000000e+00 2.948268490808037545e-01 0.000000000000000000e+00 1.000000000000000000e+00 1.000000000000000000e+00 1.000000000000000000e+00
