8.858116252107164357e-01 2.107031437485001046e-01 8.423712024050235003e-01 4.966063348416289713e-01 9.490555589737279529e-01 1.337191593055132577e-01 2.273710225517454331e-02 1.203472433749619291e-01
8.884692050400881946e-01 2.811950790861160177e-01 8.522351659345037689e-01 5.043341213553979019e-01 9.419184150618347129e-01 1.949436491014316097e-01 3.497065183812171629e-02 1.754492841912884404e-01
8.886941755879126381e-01 3.020565552699228662e-01 8.549512992135624989e-01 5.090252707581227609e-01 9.393958038515966003e-01 2.147426134632957617e-01 3.805993203583565160e-02 1.932683521169661911e-01
8.888610889678267846e-01 3.164983164983165009e-01 8.569575581180811641e-01 5.119128658951668243e-01 9.375499907709344827e-01 2.290587876941821421e-01 4.053135619400679429e-02 2.061529089247639279e-01
8.892497921375477343e-01 3.312603648424543579e-01 8.587322490341815495e-01 5.184944841012329997e-01 9.361963945117823815e-01 2.433749619250685226e-01 4.213778189681804259e-02 2.190374657325616647e-01
8.892131823910829347e-01 3.413136893799876836e-01 8.602329771988722618e-01 5.199501246882792804e-01 9.346582169445640798e-01 2.540359427353030553e-01 4.362063639172072960e-02 2.286323484617727442e-01
8.893742296367863620e-01 3.513022410660205930e-01 8.618529500128949694e-01 5.209580838323353280e-01 9.331200393773456669e-01 2.650015229972585984e-01 4.510349088662341660e-02 2.385013706975327441e-01
8.895243266837969953e-01 3.531769893766285584e-01 8.627629456072842817e-01 5.164126611957795543e-01 9.323201870423920568e-01 2.683521169661894357e-01 4.646277417361754231e-02 2.415169052695705088e-01
8.897675244374888548e-01 3.575263471863193154e-01 8.637698053590309177e-01 5.148911798396333950e-01 9.315203347074386686e-01 2.738349070971672350e-01 4.769848625270312059e-02 2.464514163874505226e-01
8.900322410083041369e-01 3.693092621664050279e-01 8.654574768538690899e-01 5.190292333149475468e-01 9.301667384482864565e-01 2.866280840694486742e-01 4.918134074760580760e-02 2.579652756625038235e-01
8.903267542403489054e-01 3.818357487922705573e-01 8.674272802863681742e-01 5.221987315010571118e-01 9.284439795730019540e-01 3.009442583003350546e-01 5.066419524250849460e-02 2.708498324703015325e-01
8.907523250031913475e-01 3.967319019570586525e-01 8.700383043360002677e-01 5.272727272727272263e-01 9.267212206977174516e-01 3.180018275967103070e-01 5.214704973741118160e-02 2.862016448370393040e-01
8.897306094139788568e-01 3.975155279503105876e-01 8.704252556112155315e-01 5.201970443349753781e-01 9.245062450009228217e-01 3.216570210173621547e-01 5.424776027185665428e-02 2.894913189156259614e-01
8.895932155324951518e-01 4.002244249111651664e-01 8.712437533127084244e-01 5.184108527131783273e-01 9.235218113579032329e-01 3.259214133414559678e-01 5.498918751930799431e-02 2.933292720073104043e-01
8.885076639849018854e-01 4.007414272474513761e-01 8.716684628065334284e-01 5.118371212121212155e-01 9.214914169691750256e-01 3.292720073103868605e-01 5.708989805375347393e-02 2.963448065793481967e-01
8.880326716537696452e-01 4.047750229568411462e-01 8.724926634599461384e-01 5.097132284921369605e-01 9.197686580938904122e-01 3.356685957965275802e-01 5.807846771702192962e-02 3.021017362168748055e-01
8.865719437194146124e-01 4.109490365568161385e-01 8.741470787182360480e-01 5.026431718061673548e-01 9.157078693164337757e-01 3.475479744136460436e-01 5.906703738029038531e-02 3.127931769722814281e-01
8.567331588593255498e-01 4.936112979152656455e-01 9.019980456772707100e-01 4.419556840077071280e-01 8.443364301975019304e-01 5.589399939080109680e-01 1.122026567809700365e-01 5.030459945172098823e-01
8.455400756673314699e-01 4.945830183925422063e-01 9.060686362218275391e-01 4.216970998925886338e-01 8.216944564080477242e-01 5.979287237282973066e-01 1.458140253320976132e-01 5.381358513554675982e-01
8.383913502001273388e-01 4.897759275131627343e-01 9.074232744393241346e-01 4.095004095004095013e-01 8.103734695133204546e-01 6.091989034419738047e-01 1.595304294099474662e-01 5.482790130977764909e-01
8.314500158448984157e-01 4.834405527757922316e-01 9.083947175390069129e-01 3.969868910193700140e-01 7.985602657970837237e-01 6.180322875418824413e-01 1.454021213057357653e-01 5.562290587876942416e-01
8.267030658136326204e-01 4.797938385849829790e-01 9.092423075502522600e-01 3.897982489531785499e-01 7.913000676798129795e-01 6.238196771245811956e-01 1.509628256616208364e-01 5.614377094121231204e-01
8.232111193401480120e-01 4.774014564790197146e-01 9.098523896585423154e-01 3.846870342771981921e-01 7.855165200270719517e-01 6.289978678038379289e-01 1.555967459581917289e-01 5.660980810234541583e-01
8.195290819009736216e-01 4.757126567844926490e-01 9.111235855460303457e-01 3.801713140149444170e-01 7.800406078877745175e-01 6.353944562899787041e-01 1.594068582020389258e-01 5.718550106609808781e-01
8.162400718979027081e-01 4.748088169140800563e-01 9.128955493693061696e-01 3.763594223569263764e-01 7.742570602350333786e-01 6.430094425830032989e-01 1.627020904129337919e-01 5.787084983247029468e-01
8.124692860728136568e-01 4.713729849916620251e-01 9.130409835915024308e-01 3.711484593837535151e-01 7.685350396849811583e-01 6.457508376484922819e-01 1.666151786633714438e-01 5.811757538836430648e-01
8.088479534017827266e-01 4.700976626796883329e-01 9.148612802018197820e-01 3.674099485420240230e-01 7.631206546483725317e-01 6.524520255863539564e-01 1.699104108742662822e-01 5.872068230277185386e-01
8.054589136864307441e-01 4.667244743117277550e-01 9.155692655667692081e-01 3.622749453138145448e-01 7.572755798929429183e-01 6.558026195552848492e-01 1.736175471115230240e-01 5.902223575997563865e-01
8.017482962188091644e-01 4.629689002885539750e-01 9.162982365863332479e-01 3.566019097793875492e-01 7.504460714944933830e-01 6.597624124276576518e-01 1.782514674080939165e-01 5.937861711848918533e-01
7.974574929772517695e-01 4.589336418130192108e-01 9.173594837321685791e-01 3.504657886283327750e-01 7.426936565557127334e-01 6.646360036551933748e-01 1.834002677376171397e-01 5.981724032896740262e-01
7.928774906363583730e-01 4.558351454903179500e-01 9.183072413556143676e-01 3.453090680891119924e-01 7.349412416169321949e-01 6.704233932378921290e-01 1.869014519616929160e-01 6.033810539141029050e-01
7.859382717373395444e-01 4.519259933272672392e-01 9.202608631158831765e-01 3.382263922518159993e-01 7.228819294899402337e-01 6.807797745964057068e-01 1.899907321594068443e-01 6.127017971367652027e-01
7.745873501086636415e-01 4.423529411764706154e-01 9.214624672292236474e-01 3.261529564840248696e-01 7.054697594290283424e-01 6.871763630825464819e-01 1.934919163834826483e-01 6.184587267742918115e-01
7.515666384422639013e-01 4.238126341326863833e-01 9.218661696469235833e-01 3.054882970137207665e-01 6.746446809819726109e-01 6.917453548583613054e-01 1.984347646998249337e-01 6.225708193725252304e-01
6.396135121699558779e-01 3.869940882219190526e-01 9.214192470871788165e-01 2.575925739077792320e-01 5.408232326339752483e-01 7.776424002436795879e-01 2.750489136031304960e-01 6.998781602193115958e-01
6.298936398232449774e-01 3.857747420001485517e-01 9.238991082683813971e-01 2.550559591596308628e-01 5.272872700424536818e-01 7.913493755711239475e-01 2.914220986510143163e-01 7.122144380140115194e-01
6.221466377301484441e-01 3.825232754196906115e-01 9.238042186563422131e-01 2.518826028190770394e-01 5.175659878176336326e-01 7.946999695400548402e-01 3.034702914220986369e-01 7.152299725860493673e-01
6.156989144390762059e-01 3.802755620014503513e-01 9.241728547733577548e-01 2.495479204339963730e-01 5.095674644680981968e-01 7.986597624124276429e-01 3.134589640613736905e-01 7.187937861711849452e-01
6.108155333007800891e-01 3.782424373068908330e-01 9.248572519597828556e-01 2.475079932292646168e-01 5.028610102750261657e-01 8.017057569296375252e-01 3.230357326742868684e-01 7.215351812366738171e-01
6.054517701508989047e-01 3.764672405207369343e-01 9.255825679149309870e-01 2.455912381659550725e-01 4.954162308496893319e-01 8.059701492537313383e-01 3.343630933992379761e-01 7.253731343283582600e-01
6.002851883110906783e-01 3.746828305610375720e-01 9.074064608215818284e-01 2.437414030261348119e-01 4.887713037593059973e-01 8.096253426743832415e-01 3.430130779528369755e-01 7.286628084069449729e-01
5.961500228798630729e-01 3.734973441431366781e-01 9.088745358995790058e-01 2.423582766439909275e-01 4.829262290038762173e-01 8.138897349984770546e-01 3.513541344866645821e-01 7.325007614986294158e-01
5.924836187058972747e-01 3.734739178690344441e-01 9.106283819424416670e-01 2.418036468157729324e-01 4.777579523780224879e-01 8.199817240328967083e-01 3.589743589743589758e-01 7.379835516296070486e-01
5.890210052745905589e-01 3.747936158503027415e-01 9.127445268689108326e-01 2.420687816582244856e-01 4.724666215467914765e-01 8.297289064879683762e-01 3.662856554422819211e-01 7.467560158391715053e-01
5.844538362825535405e-01 3.752045826513912274e-01 8.735037391480170443e-01 2.417186538968456311e-01 4.663754383806066883e-01 8.379530916844349919e-01 3.743177839563381903e-01 7.541577825159915260e-01
5.802256817329901617e-01 3.762924917212948084e-01 8.757959188091654079e-01 2.417926003126628365e-01 4.603457823171107077e-01 8.480048735912275593e-01 3.824528884769848869e-01 7.632043862321048477e-01
5.766345687458560576e-01 3.769633507853402676e-01 8.775512155827668304e-01 2.417563495479982671e-01 4.557312496154556358e-01 8.553152604325312547e-01 3.878076408196889924e-01 7.697837343892781625e-01
5.733406077587235306e-01 3.789543789543790009e-01 8.804747495037525962e-01 2.424991476304125537e-01 4.509321356057344188e-01 8.665854401462077528e-01 3.937802492019359391e-01 7.799268961315869442e-01
5.657714018597590488e-01 3.783072265367908305e-01 8.826091017146465711e-01 2.412895642683234032e-01 4.419491786131791167e-01 8.754188242461163894e-01 4.042838018741632955e-01 7.878769418215048059e-01
5.551493779081482227e-01 3.772777381492769533e-01 8.853955287074847247e-01 2.396605701103970976e-01 4.301975019996308602e-01 8.860798050563508665e-01 4.171558026979713674e-01 7.974718245507157466e-01
5.015455417348492206e-01 3.613172257312809998e-01 8.791622056972221433e-01 2.261977886977886987e-01 3.782071002276503058e-01 8.973499847700273646e-01 4.550509731232622590e-01 8.076149862930246393e-01
4.504025269575361312e-01 3.499471023862700814e-01 8.721484837316584304e-01 2.168086810865923753e-01 3.368608872208207483e-01 9.067925677733780221e-01 4.837812789620018483e-01 8.161133109960402310e-01
4.205575045789213262e-01 3.465352209548919760e-01 8.772205103004080406e-01 2.134284100536571471e-01 3.132960068910355389e-01 9.208041425525433921e-01 5.027288641746473496e-01 8.287237282972890196e-01
4.072877020234745848e-01 3.463882618510157885e-01 8.822701043151898181e-01 2.125787906074669276e-01 2.994524087860702677e-01 9.348157173317087620e-01 5.221913294202450428e-01 8.413341455985379191e-01
3.959493801626927656e-01 3.457615783313827129e-01 8.854460282735431287e-01 2.115961800818553784e-01 2.878237863778994599e-01 9.448674992385013294e-01 5.388734424879003670e-01 8.503807493146512408e-01
3.873074687484917011e-01 3.467857536663359053e-01 8.904630637252138881e-01 2.117132278694042469e-01 2.785947209745892605e-01 9.579652756625037791e-01 5.522603233446606863e-01 8.621687480962534345e-01
3.811767035835991191e-01 3.484301498741931846e-01 8.955077182415488446e-01 2.123474898326555005e-01 2.722574293976496862e-01 9.701492537313433084e-01 5.608073318916692029e-01 8.731343283582090331e-01
3.752506809058546167e-01 3.508467216673903377e-01 9.017077484863346148e-01 2.134601413380886326e-01 2.664123546422199063e-01 9.844654279622296889e-01 5.679126763464112937e-01 8.860188851660066867e-01
3.717283602862493375e-01 3.514083364869978743e-01 9.053505749735353270e-01 2.136190350992507037e-01 2.630898910970282389e-01 9.899482180932074327e-01 5.722376686232107934e-01 8.909533962838867005e-01
3.646086938038503034e-01 3.495782064370533404e-01 9.059265906124991385e-01 2.122259916492693077e-01 2.563834369039561523e-01 9.908620164483703530e-01 5.823293172690763297e-01 8.917758148035332955e-01
3.467153186560912870e-01 3.448202847916997382e-01 9.061654631592488407e-01 2.086750384418246951e-01 2.394019565618654977e-01 9.920804142552543947e-01 6.093090309957779338e-01 8.928723728297289775e-01
3.403869493770847465e-01 3.433598482853079115e-01 9.063246060408257643e-01 2.075796178343949083e-01 2.339260444225681468e-01 9.926896131586963046e-01 6.171352074966532930e-01 8.934206518428267074e-01
3.357923070964923817e-01 3.424851698251876742e-01 9.065084697782822554e-01 2.069009260433845032e-01 2.300498369531778220e-01 9.936034115138592249e-01 6.224899598393573985e-01 8.942430703624733024e-01
3.306045808907879802e-01 3.415246261633378411e-01 9.071647945470064922e-01 2.061478255380925217e-01 2.256814126622777306e-01 9.948218093207432666e-01 6.284625682216044007e-01 8.953396283886689844e-01
3.149920665253403973e-01 3.381373004803967519e-01 9.081591431805917658e-01 2.035954217467031702e-01 2.117762874546237628e-01 9.969540054827901177e-01 6.502934816187828648e-01 8.972586049345111503e-01
3.064290749309164785e-01 3.364466796674535631e-01 9.086916463709563407e-01 2.023082145281737965e-01 2.042699809265981492e-01 9.984770027413950588e-01 6.621357223766862754e-01 8.986293024672555863e-01
2.951335239486319595e-01 3.338593901135264441e-01 9.087962790602889251e-01 2.004278728606357085e-01 1.946717529071556041e-01 9.987816021931160693e-01 6.772731953454844689e-01 8.989034419738044512e-01
0.000000000000000000e+00 2.877426705815329111e-01 0.000000000000000000e+00 1.680487305487305405e-01 0.000000000000000000e+00 1.000000000000000000e+00 1.000000000000000000e+00 9.000000000000000222e-01
0.000000000000000000e+00 2.877426705815329111e-01 0.000000000000000000e+00 1.680487305487305405e-01 0.000000000000000000e+00 1.000000000000000000e+00 1.000000000000000000e+00 9.000000000000000222e-01
0.000000000000000000e+00 2.877426705815329111e-01 0.000000000000000000e+00 1.680487305487305405e-01 0.000000000000000000e+00 1.000000000000000000e+00 1.000000000000000000e+00 9.000000000000000222e-01
0.000000000000000000e+00 2.877426705815329111e-01 0.000000000000000000e+00 1.680487305487305405e-01 0.000000000000000000e+00 1.000000000000000000e+00 1.000000000000000000e+00 9.000000000000000222e-01
0.000000000000000000e+00 2.877426705815329111e-01 0.000000000000000000e+00 1.680487305487305405e-01 0.000000000000000000e+00 1.000000000000000000e+00 1.000000000000000000e+00 9.000000000000000222e-01
0.000000000000000000e+00 2.877426705815329111e-01 0.000000000000000000e+00 1.680487305487305405e-01 0.000000000000000000e+00 1.000000000000000000e+00 1.000000000000000000e+00 9.000000000000000222e-01
0.000000000000000000e+00 2.877426705815329111e-01 0.000000000000000000e+00 1.680487305487305405e-01 0.000000000000000000e+00 1.000000000000000000e+00 1.000000000000000000e+00 9.000000000000000222e-01
0.000000000000000000e+00 2.877426705815329111e-01 0.000000000000000000e+00 1.680487305487305405e-01 0.000000000000000000e+00 1.000000000000000000e+00 1.000000000000000000e+00 9.000000000000000222e-01
0.000000000000000000e+00 2.877426705815329111e-01 0.000000000000000000e+00 1.680487305487305405e-01 0.000000000000000000e+00 1.000000000000000000e+00 1.000000000000000000e+00 9.000000000000000222e-01
0.000000000000000000e+00 2.877426705815329111e-01 0.000000000000000000e+00 1.680487305487305405e-01 0.000000000000000000e+00 1.000000000000000000e+00 1.000000000000000000e+00 9.000000000000000222e-01
0.000000000000000000e+00 2.877426705815329111e-01 0.000000000000000000e+00 1.680487305487305405e-01 0.000000000000000000e+00 1.000000000000000000e+00 1.000000000000000000e+00 9.000000000000000222e-01
0.000000000000000000e+00 2.877426705815329111e-01 0.000000000000000000e+00 1.680487305487305405e-01 0.000000000000000000e+00 1.000000000000000000e+00 1.000000000000000000e+00 9.000000000000000222e-01
0.000000000000000000e+00 2.877426705815329111e-01 0.000000000000000000e+00 1.680487305487305405e-01 0.000000000000000000e+00 1.000000000000000000e+00 1.000000000000000000e+00 9.000000000000000222e-01
0.000000000000000000e+00 2.877426705815329111e-01 0.000000000000000000e+00 1.680487305487305405e-01 0.000000000000000000e+00 1.000000000000000000e+00 1.000000000000000000e+00 9.000000000000000222e-01
0.000000000000000000e+00 2.877426705815329111e-01 0.000000000000000000e+00 1.680487305487305405e-01 0.000000000000000000e+00 1.000000000000000000e+00 1.000000000000000000e+00 9.000000000000000222e-01
0.000000000000000000e+00 2.877426705815329111e-01 0.000000000000000000e+00 1.680487305487305405e-01 0.000000000000000000e+00 1.000000000000000000e+00 1.000000000000000000e+00 9.000000000000000222e-01
0.000000000000000000e+00 2.877426705815329111e-01 0.000000000000000000e+00 1.680487305487305405e-01 0.000000000000000000e+00 1.000000000000000000e+00 1.000000000000000000e+00 9.000000000000000222e-01
0.000000000000000000e+00 2.877426705815329111e-01 0.000000000000000000e+00 1.680487305487305405e-01 0.000000000000000000e+00 1.000000000000000000e+00 1.000000000000000000e+00 9.000000000000000222e-01
0.000000000000000000e+00 2.877426705815329111e-01 0.000000000000000000e+00 1.680487305487305405e-01 0.000000000000000000e+00 1.000000000000000000e+00 1.000000000000000000e+00 9.000000000000000222e-01
0.000000000000000000e+00 2.877426705815329111e-01 0.000000000000000000e+00 1.680487305487305405e-01 0.000000000000000000e+00 1.000000000000000000e+00 1.000000000000000000e+00 9.000000000000000222e-01
0.000000000000000000e+00 2.877426705815329111e-01 0.000000000000000000e+00 1.680487305487305405e-01 0.000000000000000000e+00 1.000000000000000000e+00 1.000000000000000000e+00 9.000000000000000222e-01
0.000000000000000000e+00 2.877426705815329111e-01 0.000000000000000000e+00 1.680487305487305405e-01 0.000000000000000000e+00 1.000000000000000000e+00 1.000000000000000000e+00 9.000000000000000222e-01
0.000000000000000000e+00 2.877426705815329111e-01 0.000000000000000000e+00 1.680487305487305405e-01 0.000000000000000000e+00 1.000000000000000000e+00 1.000000000000000000e+00 9.000000000000000222e-01
0.000000000000000000e+00 2.877426705815329111e-01 0.000000000000000000e+00 1.680487305487305405e-01 0.000000000000000000e+00 1.000000000000000000e+00 1.000000000000000000e+00 9.000000000000000222e-01
0.000000000000000000e+00 2.877426705815329111e-01 0.000000000000000000e+00 1.680487305487305405e-01 0.000000000000000000e+00 1.000000000000000000e+00 1.000000000000000000e+00 9.000000000000000222e-01
0.000000000000000000e+00 2.877426705815329111e-01 0.000000000000000000e+00 1.680487305487305405e-01 0.000000000000000000e+00 1.000000000000000000e+00 1.000000000000000000e+00 9.000000000000000222e-01
0.000000000000000000e+00 2.877426705815329111e-01 0.000000000000000000e+00 1.680487305487305405e-01 0.000000000000000000e+00 1.000000000000000000e+00 1.000000000000000000e+00 9.000000000000000222e-01
0.000000000000000000e+00 2.877426705815329111e-01 0.000000000000000000e+00 1.680487305487305405e-01 0.000000000000000000e+00 1.000000000000000000e+00 1.000000000000000000e+00 9.000000000000000222e-01
0.000000000000000000e+00 2.877426705815329111e-01 0.000000000000000000e+00 1.680487305487305405e-01 0.000000000000000000e+00 1.000000000000000000e+00 1.000000000000000000e+00 9.000000000000000222e-01
0.000000000000000000e+00 2.877426705815329111e-01 0.000000000000000000e+00 1.680487305487305405e-01 0.000000000000000000e+00 1.000000000000000000e+00 1.000000000000000000e+00 9.000000000000000222e-01
0.000000000000000000e+00 2.877426705815329111e-01 0.000000000000000000e+00 1.680487305487305405e-01 0.000000000000000000e+00 1.000000000000000000e+00 1.000000000000000000e+00 9.000000000000000222e-01
0.000000000000000000e+00 2.877426705815329111e-01 0.000000000000000000e+00 1.680487305487305405e-01 0.000000000000000000e+00 1.000000000000000000e+00 1.000000000000000000e+00 9.000000000000000222e-01
0.000000000000000000e+00 2.877426705815329111e-01 0.000000000000000000e+00 1.680487305487305405e-01 0.000000000000000000e+00 1.000000000000000000e+00 1.000000000000000000e+00 9.000000000000000222e-01
